Example1
200.000000
1500.000000
402
0
203
0
203
5
1
0
0
0
0
200
25.368750
30.165199
66.510002
35.014000
98.630249
7.110400
145.675873
7.011200
155.876617
8.242400
210.503250
29.105200
240.108749
35.546001
297.552002
4.352400
313.862244
11.120800
347.794128
11.117600
385.707367
36.516800
430.397247
31.623600
481.695007
17.146400
497.644867
1.248000
538.973633
4.633200
592.618896
1.207200
614.386108
21.524799
664.457642
22.898399
698.194153
18.639999
744.672363
5.173600
781.126526
33.022800
824.369995
17.638800
835.795471
12.776400
889.742249
17.143999
927.961853
17.450001
967.562256
18.189199
978.617615
8.366800
1048.517212
22.485201
1069.706665
2.700400
1120.143799
33.116001
1137.103882
7.503200
1192.935059
22.893999
1211.697388
13.134800
1256.569458
14.485200
1277.530884
23.474001
1346.223022
26.402000
1382.260864
28.188400
1403.001709
12.463200
1446.376099
14.675600
1467.642334
0.525600
33.238499
69.420403
53.476501
72.908401
101.274002
43.904800
143.408997
42.958000
160.617004
45.434399
209.408249
70.230400
258.437988
69.375603
274.606506
71.445198
324.964508
73.027603
352.013245
74.874397
384.891754
45.685200
428.718384
45.037601
451.776367
62.721199
514.419373
62.538799
553.629761
49.758801
593.540649
63.338402
630.698975
45.254002
657.984375
71.407997
683.770874
43.085602
745.572754
74.755203
775.528503
47.326401
804.295471
50.282001
846.652893
66.825996
886.915527
55.326000
920.291992
40.447201
971.843262
54.500801
983.503845
49.964401
1046.791138
63.422001
1050.104248
63.700802
1121.514038
44.063599
1160.208008
43.636398
1190.192993
45.720001
1213.598633
58.584400
1263.323242
45.233200
1309.064575
72.778397
1314.272583
57.797600
1364.052002
48.959999
1408.210815
52.743999
1459.976685
76.805603
1486.351929
77.048798
30.831375
119.606796
72.082123
91.849602
93.439873
117.306396
140.276993
87.625603
182.051254
85.442001
221.545868
113.807198
226.578369
85.828796
265.199615
88.059601
300.841492
109.339600
368.746887
93.101196
411.932251
110.099998
435.821991
119.480797
454.516876
97.494400
507.934113
110.413597
529.611023
81.589996
582.172852
119.528000
633.785278
80.725197
670.834900
85.542397
698.046753
84.343597
725.421387
91.653603
785.596497
109.636398
810.407654
112.383598
829.214600
113.351196
884.577759
110.174004
926.152100
84.498802
957.550110
104.929604
979.199646
96.561600
1042.795166
95.890404
1066.543457
117.388397
1102.035034
93.966003
1127.048218
87.705597
1168.529297
95.613998
1227.503296
103.744003
1248.375732
87.793198
1311.739868
114.882004
1313.554077
83.874001
1359.192383
85.893204
1397.563110
104.342400
1454.550781
86.793602
1468.439941
92.931602
1.277250
148.252396
70.038376
144.679993
90.495750
125.516800
136.159882
130.822006
171.268875
147.904800
192.857254
127.309998
234.804749
158.382401
281.117249
155.223999
316.881012
148.261597
361.316986
123.359596
402.991882
126.375198
443.885620
142.738800
470.891632
144.951202
491.635498
152.348007
552.815247
126.182404
567.158630
158.078796
626.242493
125.491997
644.599854
136.638000
709.100220
148.298798
713.383118
152.989594
752.299133
135.856796
794.028015
147.736801
852.901855
121.240799
880.250610
132.098007
908.158508
136.665207
966.505859
140.886795
978.061523
133.362000
1014.461975
124.031601
1052.297974
142.297195
1093.613647
152.030396
1150.396484
152.210800
1169.750977
123.759201
1215.507690
125.274803
1262.589722
151.605606
1280.611816
146.665604
1320.559448
137.407593
1365.680298
154.144806
1393.834473
159.242401
1430.411255
144.217194
1470.821289
121.865601
30.704250
165.460403
64.582497
160.821198
93.718872
164.603607
140.639618
183.384003
167.926132
178.846802
213.268127
190.891602
259.748260
192.136398
286.293762
169.185593
311.388367
175.438004
367.670624
165.912399
386.925385
192.630798
449.617889
180.513596
452.341492
170.115601
506.295380
171.516403
548.604370
198.543594
565.054138
187.453201
603.210388
184.494797
660.557251
178.278397
707.827881
187.537598
738.469482
162.525604
780.388123
189.041595
796.429871
181.084396
838.009155
196.871597
877.842346
176.614807
911.969604
175.958405
951.587280
181.651596
1000.824768
166.773193
1015.831482
180.428802
1067.842529
195.915604
1104.307129
161.681198
1140.049561
195.862793
1183.295654
194.239197
1214.891968
196.690399
1255.530029
188.499207
1311.169922
183.483200
1321.094238
184.710007
1357.741455
166.210800
1393.673584
186.254807
1442.119873
192.895599
1465.461792
178.025208
24.376633
142.515869
0.000000
184.201782
0.000000
117.366112
160.368515
71.313065
162.470993
111.535355
43.767204
142.569626
356.866364
38.571560
382.706573
0.000000
47.087479
49.522354
39.273449
94.860779
44.265358
46.793316
89.778534
145.252228
79.891830
157.003220
78.550827
60.343941
189.439529
49.121536
184.818848
58.213699
181.188492
23.914322
64.251663
118.001411
59.594017
117.821220
300.627411
45.443233
299.470520
82.260056
71.461250
114.058258
105.896500
85.167763
113.227257
129.034912
111.551743
143.456787
123.429222
158.378906
150.999039
161.366562
157.423004
200.000000
376.423706
69.258492
340.528015
102.213516
352.930298
42.795712
87.226280
26.421968
121.903297
23.930359
148.905869
65.787033
122.802711
63.956738
607.108643
43.999607
583.860413
32.409569
148.649948
25.243624
122.187881
23.574877
154.441147
27.323452
292.306671
40.028545
308.917633
0.000000
195.561584
166.180756
199.110321
103.367599
163.486267
112.562065
204.249466
93.158295
276.866669
34.748131
257.997284
0.000000
221.466446
49.974281
270.276459
41.081085
263.531158
169.684784
289.741150
200.000000
616.996338
64.316093
236.734879
183.049438
201.909668
159.978500
204.222595
96.249451
244.928589
103.571266
729.620667
40.164989
717.983459
0.000000
216.191650
139.659332
255.984604
127.822929
233.842194
60.821575
450.191467
40.913071
408.226471
35.660805
265.635712
77.336281
246.034210
84.429939
421.789795
77.946632
426.826233
82.182121
299.869141
156.211853
431.062256
96.492340
414.398956
166.535660
420.866943
200.000000
330.234650
119.992752
295.596924
134.266739
302.055939
159.408554
338.882355
166.851547
402.269440
161.275803
348.534729
200.000000
404.321899
0.000000
340.560181
43.614304
330.830933
40.026592
336.506531
102.985199
333.709106
105.005638
614.111572
0.000000
1189.338501
74.999123
1199.682983
87.589462
1210.456665
36.576496
406.770325
43.011047
399.920929
77.259163
411.820496
163.591873
566.918945
20.499813
565.609741
0.000000
1422.030762
82.493683
1430.667114
110.539146
407.231018
74.190468
387.999237
107.546181
419.851135
125.043228
831.061768
44.248199
816.946045
80.388496
516.164856
29.120184
518.550049
0.000000
1211.620605
35.902569
1192.946045
0.000000
458.975037
124.480408
422.396210
137.162415
416.339874
166.241135
840.602356
39.926113
859.650391
36.099785
651.374939
90.325867
679.312256
64.926231
483.141876
77.743851
1423.838257
30.245827
1441.781738
48.234924
659.545898
46.929661
655.755127
46.423813
460.885071
121.850494
478.355042
115.822563
456.571899
153.814682
474.665771
167.152725
510.951019
30.547161
480.502441
0.000000
649.290649
106.356537
523.797424
142.940872
479.155762
177.082535
504.992493
85.638458
486.268616
83.102074
534.146179
107.563568
526.666443
33.573238
535.664490
61.180294
639.433777
21.777353
640.031189
0.000000
542.025452
171.040741
561.549683
200.000000
640.570862
62.264935
570.764587
137.284027
600.633972
148.917145
786.969238
77.446198
777.041016
79.050392
790.316528
44.866741
630.218811
166.026855
633.901489
200.000000
581.787964
32.440315
565.712341
86.953148
603.880432
94.674957
681.925415
25.518990
678.704285
0.000000
619.711182
156.939240
601.038208
149.650116
1082.249023
41.824715
1082.819214
37.983112
803.433838
27.257914
793.736755
0.000000
675.745117
148.580353
778.753418
165.597244
795.818176
200.000000
1082.909058
43.336025
683.616760
66.237747
716.807129
54.753399
685.957275
119.365845
768.098022
162.078583
744.110474
200.000000
692.876038
167.412720
687.263367
167.230728
728.601746
134.793793
720.563782
171.864868
718.444519
62.869194
753.600281
104.792519
1047.353882
0.000000
741.297485
40.013893
898.753662
37.006779
908.799683
23.836760
910.840454
64.120110
754.055176
30.675146
896.643555
83.214447
912.567871
108.999657
796.201355
127.272705
776.027466
131.737122
801.221252
81.936150
872.817444
82.198921
827.427979
162.091446
1011.514832
25.588312
1018.332031
41.717216
818.537537
137.621353
821.303711
83.855461
823.610779
0.000000
1344.435547
115.069824
1335.672363
100.725197
1103.947388
197.835327
1103.948975
200.000000
843.666687
158.703949
864.667358
200.000000
833.458191
156.693756
1298.503906
133.053802
856.078064
153.113861
860.728027
92.775818
848.767822
94.149338
869.764160
118.639267
895.935486
123.804688
935.363403
153.857956
928.732666
200.000000
1304.306152
158.089905
861.208984
34.227211
1016.683105
0.000000
894.550781
157.816467
928.891724
114.630196
1026.257935
153.897110
984.305969
200.000000
942.684509
59.883934
1142.506104
29.502090
1165.050171
15.087064
999.911499
142.935455
983.395264
154.188080
938.048157
128.880783
962.887024
122.694237
936.306885
152.947189
973.942078
166.720505
971.414246
36.143223
948.417419
38.854454
986.624939
28.511997
961.292786
0.000000
1336.966675
71.470993
1328.807373
71.246178
1050.172852
43.059799
986.022949
73.694489
1010.783752
75.981674
1046.327759
173.090485
1038.315063
200.000000
992.853821
115.401680
1010.954468
92.166428
1024.825439
150.884567
1311.939575
23.468060
1312.939941
0.000000
1289.895264
47.065365
1047.069824
79.936386
1011.145203
75.515022
1103.506714
3.677724
1103.768799
0.000000
1240.980103
61.290897
1277.164917
73.999374
1287.475586
56.877426
1281.670410
97.565575
1281.244995
90.490852
1042.450439
120.137352
1074.944824
138.721069
1068.352173
166.705383
1275.944336
110.959564
1122.086426
126.517052
1095.497437
122.660713
1262.638306
29.267923
1275.189087
0.000000
1122.071411
131.247818
1082.547852
175.041626
1140.775391
36.093197
1161.024170
177.782227
1161.858276
200.000000
1234.066895
35.543594
1108.788452
67.849220
1141.080688
63.754230
1130.128418
170.458878
1377.704468
172.653015
1362.449463
200.000000
1173.569336
68.152229
1151.599976
71.669373
1187.783936
156.835175
1191.583130
156.105057
1229.528198
164.401382
1236.703613
200.000000
1176.050659
32.443436
1233.496094
34.987476
1425.380981
0.000000
1226.387817
161.079056
1201.777832
160.866882
1225.592529
79.611900
1256.119141
119.557648
1386.203491
50.011520
1384.453735
70.430740
1366.594971
119.623680
1387.839966
75.438126
1377.272705
170.416595
1384.404785
131.025345
1364.077271
30.615261
1365.594971
0.000000
1263.068970
118.009598
1278.345825
173.742859
720.212097
48.108692
1332.083740
160.931534
1351.805176
200.000000
1440.442749
114.648590
1459.510620
149.121719
1432.446777
68.318077
236.280914
200.000000
1338.684082
50.685150
1402.267456
33.035381
1377.220825
0.000000
1318.977295
161.079697
1420.181641
172.905991
1416.467773
200.000000
724.974121
122.198631
1342.472900
147.520294
1341.178711
64.736671
704.199829
116.212944
1352.317505
120.980873
731.850464
142.172943
1404.169189
132.367676
1442.124146
167.147247
1420.584473
172.328186
1473.492798
41.293251
1463.549561
85.214333
380.901245
142.186188
383.038361
112.651833
1477.653198
38.626778
1500.000000
33.163105
345.623718
147.453522
1495.386230
105.278923
1473.134155
80.184036
1500.000000
106.877747
1453.146240
108.755249
45.197021
145.276062
52.690769
200.000000
49.780296
0.000000
0.000000
55.667484
0.000000
92.977081
46.503258
98.366684
190.321762
0.000000
81.038391
64.443398
105.536743
79.359573
120.043083
107.491478
151.696762
0.000000
1463.053589
200.000000
145.372040
156.508774
233.668579
60.774857
202.130005
158.642456
288.161041
90.089836
268.690735
122.700615
257.741821
125.295448
258.646637
166.857086
330.827148
0.000000
459.001343
34.856415
537.663879
169.040833
517.886963
200.000000
479.011017
182.657043
483.063019
50.652237
522.655029
140.269745
488.926117
127.160370
863.980042
0.000000
564.584351
83.002266
560.875244
93.654732
534.275208
153.692795
583.203125
173.990875
607.350037
99.289978
649.965759
107.110153
680.415833
122.744705
777.489502
0.000000
754.713196
104.670006
767.755676
160.792297
908.990601
0.000000
830.284668
149.642075
890.831299
154.993927
947.409363
36.713596
953.648682
76.583824
1169.209229
0.000000
959.698608
78.298584
973.812134
114.812767
1072.112793
85.622780
1072.167480
87.309456
1039.363770
120.769424
1087.348633
59.480331
1123.233643
125.564484
1144.145020
110.771599
1193.155151
108.644135
1135.361938
121.174538
1234.549072
0.000000
1245.085205
127.646416
1197.792969
101.298401
1282.468628
176.214691
1451.952026
0.000000
1500.000000
152.985764
64.272911
0.000000
74.310120
200.000000
163.855392
118.521317
186.577713
200.000000
291.942444
200.000000
680.844666
200.000000
895.362183
200.000000
1284.612915
200.000000
122.138176
0.000000
106.770058
200.000000
344.492645
200.000000
585.219727
200.000000
813.034546
200.000000
1314.166138
200.000000
232.338562
0.000000
743.529785
200.000000
1198.741943
200.000000
449.164185
0.000000
481.764099
200.000000
948.094666
0.000000
983.998413
200.000000
0.000000
200.000000
1500.000000
200.000000
0.000000
0.000000
1500.000000
0.000000
321
401
320
11
0
0
0
0
0
0
0
0
0
0
0
1
320
378
32
14
9
11
0
0
0
0
0
0
0
0
0
1
378
386
39
33
32
0
0
0
0
0
0
0
0
0
0
1
38
39
386
328
0
0
0
0
0
0
0
0
0
0
0
1
17
40
38
328
324
0
0
0
0
0
0
0
0
0
0
1
324
392
49
15
17
0
0
0
0
0
0
0
0
0
0
1
47
50
62
331
49
392
48
0
0
0
0
0
0
0
0
1
41
47
48
42
0
0
0
0
0
0
0
0
0
0
0
1
42
337
81
20
41
0
0
0
0
0
0
0
0
0
0
1
7
31
80
81
337
8
0
0
0
0
0
0
0
0
0
1
8
79
64
88
7
0
0
0
0
0
0
0
0
0
0
1
79
395
338
63
64
0
0
0
0
0
0
0
0
0
0
1
120
342
338
395
121
0
0
0
0
0
0
0
0
0
0
1
100
120
121
101
0
0
0
0
0
0
0
0
0
0
0
1
91
128
100
101
92
0
0
0
0
0
0
0
0
0
0
1
37
142
91
92
84
0
0
0
0
0
0
0
0
0
0
1
84
131
130
36
37
0
0
0
0
0
0
0
0
0
0
1
131
146
145
114
115
130
0
0
0
0
0
0
0
0
0
1
58
285
145
146
59
0
0
0
0
0
0
0
0
0
0
1
59
353
173
169
58
0
0
0
0
0
0
0
0
0
0
1
151
139
173
353
152
0
0
0
0
0
0
0
0
0
0
1
152
185
107
98
151
0
0
0
0
0
0
0
0
0
0
1
185
345
202
108
107
0
0
0
0
0
0
0
0
0
0
1
345
356
171
170
202
0
0
0
0
0
0
0
0
0
0
1
356
397
359
171
0
0
0
0
0
0
0
0
0
0
0
1
219
217
218
359
397
220
0
0
0
0
0
0
0
0
0
1
181
219
220
203
0
0
0
0
0
0
0
0
0
0
0
1
150
149
223
182
181
203
168
0
0
0
0
0
0
0
0
1
168
237
236
150
0
0
0
0
0
0
0
0
0
0
0
1
209
253
156
149
150
236
0
0
0
0
0
0
0
0
0
1
237
361
210
209
236
0
0
0
0
0
0
0
0
0
0
1
102
87
268
210
361
103
0
0
0
0
0
0
0
0
0
1
103
372
269
102
0
0
0
0
0
0
0
0
0
0
0
1
249
256
269
372
250
0
0
0
0
0
0
0
0
0
0
1
231
233
249
250
232
0
0
0
0
0
0
0
0
0
0
1
232
282
281
292
231
0
0
0
0
0
0
0
0
0
0
1
282
294
293
275
281
0
0
0
0
0
0
0
0
0
0
1
112
293
294
270
0
0
0
0
0
0
0
0
0
0
0
1
270
376
311
307
113
112
0
0
0
0
0
0
0
0
0
1
311
376
402
312
0
0
0
0
0
0
0
0
0
0
0
1
11
9
10
322
321
0
0
0
0
0
0
0
0
0
0
1
10
9
14
325
323
0
0
0
0
0
0
0
0
0
0
1
35
326
325
14
32
33
0
0
0
0
0
0
0
0
0
1
39
38
40
34
35
33
0
0
0
0
0
0
0
0
0
1
4
34
40
17
15
16
0
0
0
0
0
0
0
0
0
1
49
331
46
16
15
0
0
0
0
0
0
0
0
0
0
1
50
65
66
62
0
0
0
0
0
0
0
0
0
0
0
1
21
333
65
50
47
41
20
0
0
0
0
0
0
0
0
1
20
81
80
82
83
21
0
0
0
0
0
0
0
0
0
1
29
30
82
80
31
0
0
0
0
0
0
0
0
0
0
1
29
31
7
88
95
89
0
0
0
0
0
0
0
0
0
1
64
63
67
95
88
0
0
0
0
0
0
0
0
0
0
1
68
67
63
338
342
111
0
0
0
0
0
0
0
0
0
1
342
120
100
128
129
125
126
111
0
0
0
0
0
0
0
1
128
91
142
346
129
0
0
0
0
0
0
0
0
0
0
1
53
144
143
346
142
37
36
0
0
0
0
0
0
0
0
1
134
53
36
130
115
0
0
0
0
0
0
0
0
0
0
1
109
134
115
114
110
0
0
0
0
0
0
0
0
0
0
1
145
285
158
157
110
114
0
0
0
0
0
0
0
0
0
1
138
354
167
166
158
285
58
169
0
0
0
0
0
0
0
1
138
169
173
139
137
0
0
0
0
0
0
0
0
0
0
1
99
178
137
139
151
98
0
0
0
0
0
0
0
0
0
1
99
98
107
108
179
195
196
184
0
0
0
0
0
0
0
1
108
202
170
172
174
179
0
0
0
0
0
0
0
0
0
1
172
170
171
359
218
208
0
0
0
0
0
0
0
0
0
1
208
218
217
224
362
360
0
0
0
0
0
0
0
0
0
1
224
217
219
181
182
235
225
0
0
0
0
0
0
0
0
1
223
234
235
182
0
0
0
0
0
0
0
0
0
0
0
1
234
223
149
156
367
364
0
0
0
0
0
0
0
0
0
1
253
258
257
367
156
0
0
0
0
0
0
0
0
0
0
1
253
209
210
268
262
263
258
0
0
0
0
0
0
0
0
1
85
262
268
87
0
0
0
0
0
0
0
0
0
0
0
1
85
87
102
269
256
238
273
86
0
0
0
0
0
0
0
1
238
256
249
233
240
239
0
0
0
0
0
0
0
0
0
1
239
240
222
242
0
0
0
0
0
0
0
0
0
0
0
1
222
240
233
231
292
300
221
0
0
0
0
0
0
0
0
1
281
275
276
300
292
0
0
0
0
0
0
0
0
0
0
1
93
278
276
275
293
112
113
290
0
0
0
0
0
0
0
1
290
113
307
315
308
0
0
0
0
0
0
0
0
0
0
1
312
316
314
315
307
311
0
0
0
0
0
0
0
0
0
1
3
322
10
323
19
6
1
0
0
0
0
0
0
0
0
1
22
18
19
323
325
326
23
0
0
0
0
0
0
0
0
1
23
327
24
22
0
0
0
0
0
0
0
0
0
0
0
1
5
327
23
326
35
34
4
0
0
0
0
0
0
0
0
1
4
16
46
56
44
45
5
0
0
0
0
0
0
0
0
1
60
44
56
57
335
61
0
0
0
0
0
0
0
0
0
1
56
46
331
62
66
57
0
0
0
0
0
0
0
0
0
1
66
65
333
334
335
57
0
0
0
0
0
0
0
0
0
1
74
334
333
21
83
73
0
0
0
0
0
0
0
0
0
1
29
89
96
310
30
0
0
0
0
0
0
0
0
0
0
1
70
97
96
89
95
67
68
0
0
0
0
0
0
0
0
1
70
116
104
105
97
0
0
0
0
0
0
0
0
0
0
1
116
70
68
111
126
117
0
0
0
0
0
0
0
0
0
1
126
125
127
343
344
117
0
0
0
0
0
0
0
0
0
1
125
129
346
143
347
127
0
0
0
0
0
0
0
0
0
1
135
347
143
144
350
136
0
0
0
0
0
0
0
0
0
1
53
134
109
122
350
144
0
0
0
0
0
0
0
0
0
1
122
109
110
157
159
352
351
0
0
0
0
0
0
0
0
1
166
301
159
157
158
0
0
0
0
0
0
0
0
0
0
1
167
298
301
166
0
0
0
0
0
0
0
0
0
0
0
1
177
354
138
137
178
176
0
0
0
0
0
0
0
0
0
1
99
184
183
176
178
0
0
0
0
0
0
0
0
0
0
1
196
357
183
184
0
0
0
0
0
0
0
0
0
0
0
1
175
198
197
195
179
174
0
0
0
0
0
0
0
0
0
1
208
360
205
175
174
172
0
0
0
0
0
0
0
0
0
1
213
205
360
362
363
214
0
0
0
0
0
0
0
0
0
1
224
225
229
228
363
362
0
0
0
0
0
0
0
0
0
1
364
365
243
366
229
225
235
234
0
0
0
0
0
0
0
1
243
365
248
244
0
0
0
0
0
0
0
0
0
0
0
1
248
365
364
367
257
368
247
0
0
0
0
0
0
0
0
1
257
258
263
369
371
368
0
0
0
0
0
0
0
0
0
1
369
263
262
85
86
374
370
0
0
0
0
0
0
0
0
1
273
274
373
374
86
0
0
0
0
0
0
0
0
0
0
1
273
238
239
242
241
246
283
274
0
0
0
0
0
0
0
1
193
246
241
187
186
0
0
0
0
0
0
0
0
0
0
1
187
241
242
222
221
0
0
0
0
0
0
0
0
0
0
1
187
221
300
276
278
277
302
186
0
0
0
0
0
0
0
1
94
304
280
277
278
93
0
0
0
0
0
0
0
0
0
1
94
93
290
308
317
288
0
0
0
0
0
0
0
0
0
1
315
314
317
308
0
0
0
0
0
0
0
0
0
0
0
1
2
3
1
0
0
0
0
0
0
0
0
0
0
0
0
1
13
318
6
19
18
12
0
0
0
0
0
0
0
0
0
1
18
22
24
25
12
0
0
0
0
0
0
0
0
0
0
1
25
24
327
5
45
380
330
26
0
0
0
0
0
0
0
1
330
380
332
55
43
27
0
0
0
0
0
0
0
0
0
1
44
60
332
380
45
0
0
0
0
0
0
0
0
0
0
1
55
332
60
61
336
54
0
0
0
0
0
0
0
0
0
1
335
334
74
69
51
336
61
0
0
0
0
0
0
0
0
1
75
69
74
73
313
76
0
0
0
0
0
0
0
0
0
1
30
310
309
313
73
83
82
0
0
0
0
0
0
0
0
1
77
309
310
96
97
105
90
0
0
0
0
0
0
0
0
1
71
90
105
104
118
106
0
0
0
0
0
0
0
0
0
1
118
104
116
117
344
119
0
0
0
0
0
0
0
0
0
1
344
343
123
124
119
0
0
0
0
0
0
0
0
0
0
1
343
127
347
135
348
123
0
0
0
0
0
0
0
0
0
1
148
349
132
339
348
135
136
0
0
0
0
0
0
0
0
1
350
122
351
147
148
136
0
0
0
0
0
0
0
0
0
1
140
147
351
352
153
0
0
0
0
0
0
0
0
0
0
1
352
159
301
298
164
162
163
153
0
0
0
0
0
0
0
1
162
164
303
165
0
0
0
0
0
0
0
0
0
0
0
1
177
355
303
164
298
167
354
0
0
0
0
0
0
0
0
1
154
160
355
177
176
183
357
192
180
0
0
0
0
0
0
1
192
357
196
195
197
194
190
0
0
0
0
0
0
0
0
1
198
358
194
197
0
0
0
0
0
0
0
0
0
0
0
1
204
358
198
175
205
213
215
199
0
0
0
0
0
0
0
1
212
216
215
213
214
0
0
0
0
0
0
0
0
0
0
1
212
214
363
228
211
0
0
0
0
0
0
0
0
0
0
1
211
228
229
366
230
0
0
0
0
0
0
0
0
0
0
1
244
245
226
206
230
366
243
0
0
0
0
0
0
0
0
1
244
248
247
251
252
245
0
0
0
0
0
0
0
0
0
1
247
368
371
264
254
259
251
0
0
0
0
0
0
0
0
1
264
371
369
370
265
0
0
0
0
0
0
0
0
0
0
1
370
374
373
271
272
265
0
0
0
0
0
0
0
0
0
1
271
373
274
283
284
266
0
0
0
0
0
0
0
0
0
1
283
246
193
201
375
284
0
0
0
0
0
0
0
0
0
1
193
186
302
299
286
295
201
0
0
0
0
0
0
0
0
1
299
302
277
280
279
0
0
0
0
0
0
0
0
0
0
1
260
279
280
304
306
296
0
0
0
0
0
0
0
0
0
1
94
288
289
305
306
304
0
0
0
0
0
0
0
0
0
1
316
377
289
288
317
314
0
0
0
0
0
0
0
0
0
1
1
6
318
319
399
2
0
0
0
0
0
0
0
0
0
1
318
13
379
319
0
0
0
0
0
0
0
0
0
0
0
1
13
12
25
26
387
379
0
0
0
0
0
0
0
0
0
1
28
387
26
330
27
0
0
0
0
0
0
0
0
0
0
1
27
43
381
28
0
0
0
0
0
0
0
0
0
0
0
1
291
381
43
55
54
0
0
0
0
0
0
0
0
0
0
1
52
291
54
336
51
0
0
0
0
0
0
0
0
0
0
1
51
69
75
382
52
0
0
0
0
0
0
0
0
0
0
1
75
76
388
382
0
0
0
0
0
0
0
0
0
0
0
1
78
388
76
313
309
77
0
0
0
0
0
0
0
0
0
1
72
78
77
90
71
0
0
0
0
0
0
0
0
0
0
1
71
106
341
396
72
0
0
0
0
0
0
0
0
0
0
1
124
341
106
118
119
0
0
0
0
0
0
0
0
0
0
1
340
396
341
124
123
348
339
0
0
0
0
0
0
0
0
1
133
340
339
132
0
0
0
0
0
0
0
0
0
0
0
1
132
349
389
133
0
0
0
0
0
0
0
0
0
0
0
1
141
389
349
148
147
140
0
0
0
0
0
0
0
0
0
1
140
153
163
383
141
0
0
0
0
0
0
0
0
0
0
1
163
162
165
393
383
0
0
0
0
0
0
0
0
0
0
1
161
393
165
303
355
160
0
0
0
0
0
0
0
0
0
1
155
161
160
154
0
0
0
0
0
0
0
0
0
0
0
1
154
180
390
155
0
0
0
0
0
0
0
0
0
0
0
1
191
390
180
192
190
0
0
0
0
0
0
0
0
0
0
1
190
194
358
204
384
191
0
0
0
0
0
0
0
0
0
1
200
384
204
199
0
0
0
0
0
0
0
0
0
0
0
1
199
215
216
398
200
0
0
0
0
0
0
0
0
0
0
1
207
398
216
212
211
230
206
0
0
0
0
0
0
0
0
1
206
226
227
207
0
0
0
0
0
0
0
0
0
0
0
1
189
227
226
245
252
188
0
0
0
0
0
0
0
0
0
1
188
252
251
259
0
0
0
0
0
0
0
0
0
0
0
1
188
259
254
255
189
0
0
0
0
0
0
0
0
0
0
1
254
264
265
272
394
255
0
0
0
0
0
0
0
0
0
1
267
394
272
271
266
0
0
0
0
0
0
0
0
0
0
1
266
284
375
385
267
0
0
0
0
0
0
0
0
0
0
1
375
201
295
391
385
0
0
0
0
0
0
0
0
0
0
1
287
391
295
286
0
0
0
0
0
0
0
0
0
0
0
1
261
287
286
299
279
260
0
0
0
0
0
0
0
0
0
1
260
296
297
261
0
0
0
0
0
0
0
0
0
0
0
1
296
306
305
329
297
0
0
0
0
0
0
0
0
0
0
1
377
400
329
305
289
0
0
0
0
0
0
0
0
0
0
1
161
155
0
0
0
0
0
0
0
0
0
0
0
0
0
3
320
378
0
0
0
0
0
0
0
0
0
0
0
0
0
3
270
376
0
0
0
0
0
0
0
0
0
0
0
0
0
3
31000
0.200000
0
200.000000
200000
0.300000
0
200.000000
200000
0.300000
0
200.000000
230000
0.200000
0
200.000000
200000
0.300000
0
200.000000
1017.875977
113.097336
12.000000
201.061920
50.265480
8.000000
2.083333
100.000000
0.500000
1017.875977
113.097336
12.000000
0
2
0
202
203
0
1
0
201
-0.100000
5000.000000
5
