 NUMBER OF NODES FOR CONCRETE                 402
 NUMBER OF NODES FOR STEEL+SHEET                0
 TOTAL NUMBER OF NODES                        402
 NUMBER OF ELEMENTS FOR CONCRETE              203
 NUMBER OF ELEMENTS FOR STEEL+SHEET             0
 TOTAL NUMBER OF ELEMENTS                     203
 TOTAL NUMBER OF MATERIAL                       5
 NUMBER OF STEEL BARS AND SHEET                 0
 NUMBER OF ELEMENTS FOR STEEL                   0
 NUMBER OF ELEMENTS FOR FRP SHEET               0
 NUMBER OF ELEMENTS FOR TENSION STEEL           0
 NUMBER OF ELEMENTS FOR COMPRESSION STEEL           0
 NUMBER OF ELEMENTS FOR STIRUP STEEL           0
 NUMBER OF ELEMENTS FOR LOWER FRP SHEET           0
 NUMBER OF ELEMENTS FOR UPPER FRP SHEET           0
 NUMBER OF BOND ELEMENTS FOR STEEL                   0
 NUMBER OF BOND ELEMENTS FOR FRP SHEET               0
 NUMBER OF BOND ELEMENTS FOR TENSION STEEL           0
 NUMBER OF BOND ELEMENTS FOR COMPRESSIONSTEEL           0
 NUMBER OF BOND ELEMENTS FOR STIRUP STEEL           0
 NUMBER OF BOND ELEMENTS FOR LOWER FRP SHEET           0
 NUMBER OF BOND ELEMENTS FOR UPPER FRP SHEET           0
  ***************KH********************  
 NUMBER OF SPRINGS FOR CONCRETE              518
 NUMBER OF SPRINGS FOR STEEL AND FRP           0
 NUMBER OF SPRINGS FOR BOND                    0
  ***************KH********************  
  COORDINATES OF NODAL POINTS  
   NOD     X      Y
    1   24.3766  142.5159
    2    0.0000  184.2018
    3    0.0000  117.3661
    4  160.3685   71.3131
    5  162.4710  111.5354
    6   43.7672  142.5696
    7  356.8664   38.5716
    8  382.7066    0.0000
    9   47.0875   49.5224
   10   39.2734   94.8608
   11   44.2654   46.7933
   12   89.7785  145.2522
   13   79.8918  157.0032
   14   78.5508   60.3439
   15  189.4395   49.1215
   16  184.8188   58.2137
   17  181.1885   23.9143
   18   64.2517  118.0014
   19   59.5940  117.8212
   20  300.6274   45.4432
   21  299.4705   82.2601
   22   71.4613  114.0583
   23  105.8965   85.1678
   24  113.2273  129.0349
   25  111.5517  143.4568
   26  123.4292  158.3789
   27  150.9990  161.3666
   28  157.4230  200.0000
   29  376.4237   69.2585
   30  340.5280  102.2135
   31  352.9303   42.7957
   32   87.2263   26.4220
   33  121.9033   23.9304
   34  148.9059   65.7870
   35  122.8027   63.9567
   36  607.1086   43.9996
   37  583.8604   32.4096
   38  148.6499   25.2436
   39  122.1879   23.5749
   40  154.4411   27.3235
   41  292.3067   40.0285
   42  308.9176    0.0000
   43  195.5616  166.1808
   44  199.1103  103.3676
   45  163.4863  112.5621
   46  204.2495   93.1583
   47  276.8667   34.7481
   48  257.9973    0.0000
   49  221.4664   49.9743
   50  270.2765   41.0811
   51  263.5312  169.6848
   52  289.7412  200.0000
   53  616.9963   64.3161
   54  236.7349  183.0494
   55  201.9097  159.9785
   56  204.2226   96.2495
   57  244.9286  103.5713
   58  729.6207   40.1650
   59  717.9835    0.0000
   60  216.1917  139.6593
   61  255.9846  127.8229
   62  233.8422   60.8216
   63  450.1915   40.9131
   64  408.2265   35.6608
   65  265.6357   77.3363
   66  246.0342   84.4299
   67  421.7898   77.9466
   68  426.8262   82.1821
   69  299.8691  156.2119
   70  431.0623   96.4923
   71  414.3990  166.5357
   72  420.8669  200.0000
   73  330.2346  119.9928
   74  295.5969  134.2667
   75  302.0559  159.4086
   76  338.8824  166.8515
   77  402.2694  161.2758
   78  348.5347  200.0000
   79  404.3219    0.0000
   80  340.5602   43.6143
   81  330.8309   40.0266
   82  336.5065  102.9852
   83  333.7091  105.0056
   84  614.1116    0.0000
   85 1189.3385   74.9991
   86 1199.6830   87.5895
   87 1210.4567   36.5765
   88  406.7703   43.0110
   89  399.9209   77.2592
   90  411.8205  163.5919
   91  566.9189   20.4998
   92  565.6097    0.0000
   93 1422.0308   82.4937
   94 1430.6671  110.5391
   95  407.2310   74.1905
   96  387.9992  107.5462
   97  419.8511  125.0432
   98  831.0618   44.2482
   99  816.9460   80.3885
  100  516.1649   29.1202
  101  518.5500    0.0000
  102 1211.6206   35.9026
  103 1192.9460    0.0000
  104  458.9750  124.4804
  105  422.3962  137.1624
  106  416.3399  166.2411
  107  840.6024   39.9261
  108  859.6504   36.0998
  109  651.3749   90.3259
  110  679.3123   64.9262
  111  483.1419   77.7439
  112 1423.8383   30.2458
  113 1441.7817   48.2349
  114  659.5459   46.9297
  115  655.7551   46.4238
  116  460.8851  121.8505
  117  478.3550  115.8226
  118  456.5719  153.8147
  119  474.6658  167.1527
  120  510.9510   30.5472
  121  480.5024    0.0000
  122  649.2906  106.3565
  123  523.7974  142.9409
  124  479.1558  177.0825
  125  504.9925   85.6385
  126  486.2686   83.1021
  127  534.1462  107.5636
  128  526.6664   33.5732
  129  535.6645   61.1803
  130  639.4338   21.7774
  131  640.0312    0.0000
  132  542.0255  171.0407
  133  561.5497  200.0000
  134  640.5709   62.2649
  135  570.7646  137.2840
  136  600.6340  148.9171
  137  786.9692   77.4462
  138  777.0410   79.0504
  139  790.3165   44.8667
  140  630.2188  166.0269
  141  633.9015  200.0000
  142  581.7880   32.4403
  143  565.7123   86.9531
  144  603.8804   94.6750
  145  681.9254   25.5190
  146  678.7043    0.0000
  147  619.7112  156.9392
  148  601.0382  149.6501
  149 1082.2490   41.8247
  150 1082.8192   37.9831
  151  803.4338   27.2579
  152  793.7368    0.0000
  153  675.7451  148.5804
  154  778.7534  165.5972
  155  795.8182  200.0000
  156 1082.9091   43.3360
  157  683.6168   66.2377
  158  716.8071   54.7534
  159  685.9573  119.3658
  160  768.0980  162.0786
  161  744.1105  200.0000
  162  692.8760  167.4127
  163  687.2634  167.2307
  164  728.6017  134.7938
  165  720.5638  171.8649
  166  718.4445   62.8692
  167  753.6003  104.7925
  168 1047.3539    0.0000
  169  741.2975   40.0139
  170  898.7537   37.0068
  171  908.7997   23.8368
  172  910.8405   64.1201
  173  754.0552   30.6751
  174  896.6436   83.2144
  175  912.5679  108.9997
  176  796.2014  127.2727
  177  776.0275  131.7371
  178  801.2213   81.9361
  179  872.8174   82.1989
  180  827.4280  162.0914
  181 1011.5148   25.5883
  182 1018.3320   41.7172
  183  818.5375  137.6214
  184  821.3037   83.8555
  185  823.6108    0.0000
  186 1344.4355  115.0698
  187 1335.6724  100.7252
  188 1103.9474  197.8353
  189 1103.9490  200.0000
  190  843.6667  158.7039
  191  864.6674  200.0000
  192  833.4582  156.6938
  193 1298.5039  133.0538
  194  856.0781  153.1139
  195  860.7280   92.7758
  196  848.7678   94.1493
  197  869.7642  118.6393
  198  895.9355  123.8047
  199  935.3634  153.8580
  200  928.7327  200.0000
  201 1304.3062  158.0899
  202  861.2090   34.2272
  203 1016.6831    0.0000
  204  894.5508  157.8165
  205  928.8917  114.6302
  206 1026.2579  153.8971
  207  984.3060  200.0000
  208  942.6845   59.8839
  209 1142.5061   29.5021
  210 1165.0502   15.0871
  211  999.9115  142.9355
  212  983.3953  154.1881
  213  938.0482  128.8808
  214  962.8870  122.6942
  215  936.3069  152.9472
  216  973.9421  166.7205
  217  971.4142   36.1432
  218  948.4174   38.8545
  219  986.6249   28.5120
  220  961.2928    0.0000
  221 1336.9667   71.4710
  222 1328.8074   71.2462
  223 1050.1729   43.0598
  224  986.0229   73.6945
  225 1010.7838   75.9817
  226 1046.3278  173.0905
  227 1038.3151  200.0000
  228  992.8538  115.4017
  229 1010.9545   92.1664
  230 1024.8254  150.8846
  231 1311.9396   23.4681
  232 1312.9399    0.0000
  233 1289.8953   47.0654
  234 1047.0698   79.9364
  235 1011.1452   75.5150
  236 1103.5067    3.6777
  237 1103.7688    0.0000
  238 1240.9801   61.2909
  239 1277.1649   73.9994
  240 1287.4756   56.8774
  241 1281.6704   97.5656
  242 1281.2450   90.4909
  243 1042.4504  120.1374
  244 1074.9448  138.7211
  245 1068.3522  166.7054
  246 1275.9443  110.9596
  247 1122.0864  126.5171
  248 1095.4974  122.6607
  249 1262.6383   29.2679
  250 1275.1891    0.0000
  251 1122.0714  131.2478
  252 1082.5479  175.0416
  253 1140.7754   36.0932
  254 1161.0242  177.7822
  255 1161.8583  200.0000
  256 1234.0669   35.5436
  257 1108.7885   67.8492
  258 1141.0807   63.7542
  259 1130.1284  170.4589
  260 1377.7045  172.6530
  261 1362.4495  200.0000
  262 1173.5693   68.1522
  263 1151.6000   71.6694
  264 1187.7839  156.8352
  265 1191.5831  156.1051
  266 1229.5282  164.4014
  267 1236.7036  200.0000
  268 1176.0507   32.4434
  269 1233.4961   34.9875
  270 1425.3810    0.0000
  271 1226.3878  161.0791
  272 1201.7778  160.8669
  273 1225.5925   79.6119
  274 1256.1191  119.5576
  275 1386.2035   50.0115
  276 1384.4537   70.4307
  277 1366.5950  119.6237
  278 1387.8400   75.4381
  279 1377.2727  170.4166
  280 1384.4048  131.0253
  281 1364.0773   30.6153
  282 1365.5950    0.0000
  283 1263.0690  118.0096
  284 1278.3458  173.7429
  285  720.2121   48.1087
  286 1332.0837  160.9315
  287 1351.8052  200.0000
  288 1440.4427  114.6486
  289 1459.5106  149.1217
  290 1432.4468   68.3181
  291  236.2809  200.0000
  292 1338.6841   50.6852
  293 1402.2675   33.0354
  294 1377.2208    0.0000
  295 1318.9773  161.0797
  296 1420.1816  172.9060
  297 1416.4678  200.0000
  298  724.9741  122.1986
  299 1342.4729  147.5203
  300 1341.1787   64.7367
  301  704.1998  116.2129
  302 1352.3175  120.9809
  303  731.8505  142.1729
  304 1404.1692  132.3677
  305 1442.1241  167.1472
  306 1420.5845  172.3282
  307 1473.4928   41.2933
  308 1463.5496   85.2143
  309  380.9012  142.1862
  310  383.0384  112.6518
  311 1477.6532   38.6268
  312 1500.0000   33.1631
  313  345.6237  147.4535
  314 1495.3862  105.2789
  315 1473.1342   80.1840
  316 1500.0000  106.8777
  317 1453.1462  108.7552
  318   45.1970  145.2761
  319   52.6908  200.0000
  320   49.7803    0.0000
  321    0.0000   55.6675
  322    0.0000   92.9771
  323   46.5033   98.3667
  324  190.3218    0.0000
  325   81.0384   64.4434
  326  105.5367   79.3596
  327  120.0431  107.4915
  328  151.6968    0.0000
  329 1463.0536  200.0000
  330  145.3720  156.5088
  331  233.6686   60.7749
  332  202.1300  158.6425
  333  288.1610   90.0898
  334  268.6907  122.7006
  335  257.7418  125.2954
  336  258.6466  166.8571
  337  330.8271    0.0000
  338  459.0013   34.8564
  339  537.6639  169.0408
  340  517.8870  200.0000
  341  479.0110  182.6570
  342  483.0630   50.6522
  343  522.6550  140.2697
  344  488.9261  127.1604
  345  863.9800    0.0000
  346  564.5844   83.0023
  347  560.8752   93.6547
  348  534.2752  153.6928
  349  583.2031  173.9909
  350  607.3500   99.2900
  351  649.9658  107.1102
  352  680.4158  122.7447
  353  777.4895    0.0000
  354  754.7132  104.6700
  355  767.7557  160.7923
  356  908.9906    0.0000
  357  830.2847  149.6421
  358  890.8313  154.9939
  359  947.4094   36.7136
  360  953.6487   76.5838
  361 1169.2092    0.0000
  362  959.6986   78.2986
  363  973.8121  114.8128
  364 1072.1128   85.6228
  365 1072.1675   87.3095
  366 1039.3638  120.7694
  367 1087.3486   59.4803
  368 1123.2336  125.5645
  369 1144.1450  110.7716
  370 1193.1552  108.6441
  371 1135.3619  121.1745
  372 1234.5491    0.0000
  373 1245.0852  127.6464
  374 1197.7930  101.2984
  375 1282.4686  176.2147
  376 1451.9520    0.0000
  377 1500.0000  152.9858
  378   64.2729    0.0000
  379   74.3101  200.0000
  380  163.8554  118.5213
  381  186.5777  200.0000
  382  291.9424  200.0000
  383  680.8447  200.0000
  384  895.3622  200.0000
  385 1284.6129  200.0000
  386  122.1382    0.0000
  387  106.7701  200.0000
  388  344.4926  200.0000
  389  585.2197  200.0000
  390  813.0345  200.0000
  391 1314.1661  200.0000
  392  232.3386    0.0000
  393  743.5298  200.0000
  394 1198.7419  200.0000
  395  449.1642    0.0000
  396  481.7641  200.0000
  397  948.0947    0.0000
  398  983.9984  200.0000
  399    0.0000  200.0000
  400 1500.0000  200.0000
  401    0.0000    0.0000
  402 1500.0000    0.0000
  ***************KH********************  
  COORDINATES OF MOTHER POINTS FOR CONCRETE ELEMENTS 
 ELEM       X        Y
    1   25.3687   30.1652
    2   66.5100   35.0140
    3   98.6302    7.1104
    4  145.6759    7.0112
    5  155.8766    8.2424
    6  210.5033   29.1052
    7  240.1087   35.5460
    8  297.5520    4.3524
    9  313.8622   11.1208
   10  347.7941   11.1176
   11  385.7074   36.5168
   12  430.3972   31.6236
   13  481.6950   17.1464
   14  497.6449    1.2480
   15  538.9736    4.6332
   16  592.6189    1.2072
   17  614.3861   21.5248
   18  664.4576   22.8984
   19  698.1942   18.6400
   20  744.6724    5.1736
   21  781.1265   33.0228
   22  824.3700   17.6388
   23  835.7955   12.7764
   24  889.7422   17.1440
   25  927.9619   17.4500
   26  967.5623   18.1892
   27  978.6176    8.3668
   28 1048.5172   22.4852
   29 1069.7067    2.7004
   30 1120.1438   33.1160
   31 1137.1039    7.5032
   32 1192.9351   22.8940
   33 1211.6974   13.1348
   34 1256.5695   14.4852
   35 1277.5309   23.4740
   36 1346.2230   26.4020
   37 1382.2609   28.1884
   38 1403.0017   12.4632
   39 1446.3761   14.6756
   40 1467.6423    0.5256
   41   33.2385   69.4204
   42   53.4765   72.9084
   43  101.2740   43.9048
   44  143.4090   42.9580
   45  160.6170   45.4344
   46  209.4082   70.2304
   47  258.4380   69.3756
   48  274.6065   71.4452
   49  324.9645   73.0276
   50  352.0132   74.8744
   51  384.8918   45.6852
   52  428.7184   45.0376
   53  451.7764   62.7212
   54  514.4194   62.5388
   55  553.6298   49.7588
   56  593.5406   63.3384
   57  630.6990   45.2540
   58  657.9844   71.4080
   59  683.7709   43.0856
   60  745.5728   74.7552
   61  775.5285   47.3264
   62  804.2955   50.2820
   63  846.6529   66.8260
   64  886.9155   55.3260
   65  920.2920   40.4472
   66  971.8433   54.5008
   67  983.5038   49.9644
   68 1046.7911   63.4220
   69 1050.1042   63.7008
   70 1121.5140   44.0636
   71 1160.2080   43.6364
   72 1190.1930   45.7200
   73 1213.5986   58.5844
   74 1263.3232   45.2332
   75 1309.0646   72.7784
   76 1314.2726   57.7976
   77 1364.0520   48.9600
   78 1408.2108   52.7440
   79 1459.9767   76.8056
   80 1486.3519   77.0488
   81   30.8314  119.6068
   82   72.0821   91.8496
   83   93.4399  117.3064
   84  140.2770   87.6256
   85  182.0513   85.4420
   86  221.5459  113.8072
   87  226.5784   85.8288
   88  265.1996   88.0596
   89  300.8415  109.3396
   90  368.7469   93.1012
   91  411.9323  110.1000
   92  435.8220  119.4808
   93  454.5169   97.4944
   94  507.9341  110.4136
   95  529.6110   81.5900
   96  582.1729  119.5280
   97  633.7853   80.7252
   98  670.8349   85.5424
   99  698.0468   84.3436
  100  725.4214   91.6536
  101  785.5965  109.6364
  102  810.4077  112.3836
  103  829.2146  113.3512
  104  884.5778  110.1740
  105  926.1521   84.4988
  106  957.5501  104.9296
  107  979.1996   96.5616
  108 1042.7952   95.8904
  109 1066.5435  117.3884
  110 1102.0350   93.9660
  111 1127.0482   87.7056
  112 1168.5293   95.6140
  113 1227.5033  103.7440
  114 1248.3757   87.7932
  115 1311.7399  114.8820
  116 1313.5541   83.8740
  117 1359.1924   85.8932
  118 1397.5631  104.3424
  119 1454.5508   86.7936
  120 1468.4399   92.9316
  121    1.2772  148.2524
  122   70.0384  144.6800
  123   90.4958  125.5168
  124  136.1599  130.8220
  125  171.2689  147.9048
  126  192.8573  127.3100
  127  234.8047  158.3824
  128  281.1172  155.2240
  129  316.8810  148.2616
  130  361.3170  123.3596
  131  402.9919  126.3752
  132  443.8856  142.7388
  133  470.8916  144.9512
  134  491.6355  152.3480
  135  552.8152  126.1824
  136  567.1586  158.0788
  137  626.2425  125.4920
  138  644.5999  136.6380
  139  709.1002  148.2988
  140  713.3831  152.9896
  141  752.2991  135.8568
  142  794.0280  147.7368
  143  852.9019  121.2408
  144  880.2506  132.0980
  145  908.1585  136.6652
  146  966.5059  140.8868
  147  978.0615  133.3620
  148 1014.4620  124.0316
  149 1052.2980  142.2972
  150 1093.6136  152.0304
  151 1150.3965  152.2108
  152 1169.7510  123.7592
  153 1215.5077  125.2748
  154 1262.5897  151.6056
  155 1280.6118  146.6656
  156 1320.5594  137.4076
  157 1365.6803  154.1448
  158 1393.8345  159.2424
  159 1430.4113  144.2172
  160 1470.8213  121.8656
  161   30.7042  165.4604
  162   64.5825  160.8212
  163   93.7189  164.6036
  164  140.6396  183.3840
  165  167.9261  178.8468
  166  213.2681  190.8916
  167  259.7483  192.1364
  168  286.2938  169.1856
  169  311.3884  175.4380
  170  367.6706  165.9124
  171  386.9254  192.6308
  172  449.6179  180.5136
  173  452.3415  170.1156
  174  506.2954  171.5164
  175  548.6044  198.5436
  176  565.0541  187.4532
  177  603.2104  184.4948
  178  660.5573  178.2784
  179  707.8279  187.5376
  180  738.4695  162.5256
  181  780.3881  189.0416
  182  796.4299  181.0844
  183  838.0092  196.8716
  184  877.8423  176.6148
  185  911.9696  175.9584
  186  951.5873  181.6516
  187 1000.8248  166.7732
  188 1015.8315  180.4288
  189 1067.8425  195.9156
  190 1104.3071  161.6812
  191 1140.0496  195.8628
  192 1183.2957  194.2392
  193 1214.8920  196.6904
  194 1255.5300  188.4992
  195 1311.1699  183.4832
  196 1321.0942  184.7100
  197 1357.7415  166.2108
  198 1393.6736  186.2548
  199 1442.1199  192.8956
  200 1465.4618  178.0252
  201    0.0000    0.0000
  202    0.0000    0.0000
  203    0.0000    0.0000
  ***************KH********************  
 NODAL POINTS FOR CONCRETE ELEMENTS AND MATERIAL TYPE
 ELEMN1N2N3N4N5N6N7N8N9N10N11N12N13N14N15MAT
    1  321  401  320   11    0    0    0    0    0    0    0    0    0    0    0    1
    2  320  378   32   14    9   11    0    0    0    0    0    0    0    0    0    1
    3  378  386   39   33   32    0    0    0    0    0    0    0    0    0    0    1
    4   38   39  386  328    0    0    0    0    0    0    0    0    0    0    0    1
    5   17   40   38  328  324    0    0    0    0    0    0    0    0    0    0    1
    6  324  392   49   15   17    0    0    0    0    0    0    0    0    0    0    1
    7   47   50   62  331   49  392   48    0    0    0    0    0    0    0    0    1
    8   41   47   48   42    0    0    0    0    0    0    0    0    0    0    0    1
    9   42  337   81   20   41    0    0    0    0    0    0    0    0    0    0    1
   10    7   31   80   81  337    8    0    0    0    0    0    0    0    0    0    1
   11    8   79   64   88    7    0    0    0    0    0    0    0    0    0    0    1
   12   79  395  338   63   64    0    0    0    0    0    0    0    0    0    0    1
   13  120  342  338  395  121    0    0    0    0    0    0    0    0    0    0    1
   14  100  120  121  101    0    0    0    0    0    0    0    0    0    0    0    1
   15   91  128  100  101   92    0    0    0    0    0    0    0    0    0    0    1
   16   37  142   91   92   84    0    0    0    0    0    0    0    0    0    0    1
   17   84  131  130   36   37    0    0    0    0    0    0    0    0    0    0    1
   18  131  146  145  114  115  130    0    0    0    0    0    0    0    0    0    1
   19   58  285  145  146   59    0    0    0    0    0    0    0    0    0    0    1
   20   59  353  173  169   58    0    0    0    0    0    0    0    0    0    0    1
   21  151  139  173  353  152    0    0    0    0    0    0    0    0    0    0    1
   22  152  185  107   98  151    0    0    0    0    0    0    0    0    0    0    1
   23  185  345  202  108  107    0    0    0    0    0    0    0    0    0    0    1
   24  345  356  171  170  202    0    0    0    0    0    0    0    0    0    0    1
   25  356  397  359  171    0    0    0    0    0    0    0    0    0    0    0    1
   26  219  217  218  359  397  220    0    0    0    0    0    0    0    0    0    1
   27  181  219  220  203    0    0    0    0    0    0    0    0    0    0    0    1
   28  150  149  223  182  181  203  168    0    0    0    0    0    0    0    0    1
   29  168  237  236  150    0    0    0    0    0    0    0    0    0    0    0    1
   30  209  253  156  149  150  236    0    0    0    0    0    0    0    0    0    1
   31  237  361  210  209  236    0    0    0    0    0    0    0    0    0    0    1
   32  102   87  268  210  361  103    0    0    0    0    0    0    0    0    0    1
   33  103  372  269  102    0    0    0    0    0    0    0    0    0    0    0    1
   34  249  256  269  372  250    0    0    0    0    0    0    0    0    0    0    1
   35  231  233  249  250  232    0    0    0    0    0    0    0    0    0    0    1
   36  232  282  281  292  231    0    0    0    0    0    0    0    0    0    0    1
   37  282  294  293  275  281    0    0    0    0    0    0    0    0    0    0    1
   38  112  293  294  270    0    0    0    0    0    0    0    0    0    0    0    1
   39  270  376  311  307  113  112    0    0    0    0    0    0    0    0    0    1
   40  311  376  402  312    0    0    0    0    0    0    0    0    0    0    0    1
   41   11    9   10  322  321    0    0    0    0    0    0    0    0    0    0    1
   42   10    9   14  325  323    0    0    0    0    0    0    0    0    0    0    1
   43   35  326  325   14   32   33    0    0    0    0    0    0    0    0    0    1
   44   39   38   40   34   35   33    0    0    0    0    0    0    0    0    0    1
   45    4   34   40   17   15   16    0    0    0    0    0    0    0    0    0    1
   46   49  331   46   16   15    0    0    0    0    0    0    0    0    0    0    1
   47   50   65   66   62    0    0    0    0    0    0    0    0    0    0    0    1
   48   21  333   65   50   47   41   20    0    0    0    0    0    0    0    0    1
   49   20   81   80   82   83   21    0    0    0    0    0    0    0    0    0    1
   50   29   30   82   80   31    0    0    0    0    0    0    0    0    0    0    1
   51   29   31    7   88   95   89    0    0    0    0    0    0    0    0    0    1
   52   64   63   67   95   88    0    0    0    0    0    0    0    0    0    0    1
   53   68   67   63  338  342  111    0    0    0    0    0    0    0    0    0    1
   54  342  120  100  128  129  125  126  111    0    0    0    0    0    0    0    1
   55  128   91  142  346  129    0    0    0    0    0    0    0    0    0    0    1
   56   53  144  143  346  142   37   36    0    0    0    0    0    0    0    0    1
   57  134   53   36  130  115    0    0    0    0    0    0    0    0    0    0    1
   58  109  134  115  114  110    0    0    0    0    0    0    0    0    0    0    1
   59  145  285  158  157  110  114    0    0    0    0    0    0    0    0    0    1
   60  138  354  167  166  158  285   58  169    0    0    0    0    0    0    0    1
   61  138  169  173  139  137    0    0    0    0    0    0    0    0    0    0    1
   62   99  178  137  139  151   98    0    0    0    0    0    0    0    0    0    1
   63   99   98  107  108  179  195  196  184    0    0    0    0    0    0    0    1
   64  108  202  170  172  174  179    0    0    0    0    0    0    0    0    0    1
   65  172  170  171  359  218  208    0    0    0    0    0    0    0    0    0    1
   66  208  218  217  224  362  360    0    0    0    0    0    0    0    0    0    1
   67  224  217  219  181  182  235  225    0    0    0    0    0    0    0    0    1
   68  223  234  235  182    0    0    0    0    0    0    0    0    0    0    0    1
   69  234  223  149  156  367  364    0    0    0    0    0    0    0    0    0    1
   70  253  258  257  367  156    0    0    0    0    0    0    0    0    0    0    1
   71  253  209  210  268  262  263  258    0    0    0    0    0    0    0    0    1
   72   85  262  268   87    0    0    0    0    0    0    0    0    0    0    0    1
   73   85   87  102  269  256  238  273   86    0    0    0    0    0    0    0    1
   74  238  256  249  233  240  239    0    0    0    0    0    0    0    0    0    1
   75  239  240  222  242    0    0    0    0    0    0    0    0    0    0    0    1
   76  222  240  233  231  292  300  221    0    0    0    0    0    0    0    0    1
   77  281  275  276  300  292    0    0    0    0    0    0    0    0    0    0    1
   78   93  278  276  275  293  112  113  290    0    0    0    0    0    0    0    1
   79  290  113  307  315  308    0    0    0    0    0    0    0    0    0    0    1
   80  312  316  314  315  307  311    0    0    0    0    0    0    0    0    0    1
   81    3  322   10  323   19    6    1    0    0    0    0    0    0    0    0    1
   82   22   18   19  323  325  326   23    0    0    0    0    0    0    0    0    1
   83   23  327   24   22    0    0    0    0    0    0    0    0    0    0    0    1
   84    5  327   23  326   35   34    4    0    0    0    0    0    0    0    0    1
   85    4   16   46   56   44   45    5    0    0    0    0    0    0    0    0    1
   86   60   44   56   57  335   61    0    0    0    0    0    0    0    0    0    1
   87   56   46  331   62   66   57    0    0    0    0    0    0    0    0    0    1
   88   66   65  333  334  335   57    0    0    0    0    0    0    0    0    0    1
   89   74  334  333   21   83   73    0    0    0    0    0    0    0    0    0    1
   90   29   89   96  310   30    0    0    0    0    0    0    0    0    0    0    1
   91   70   97   96   89   95   67   68    0    0    0    0    0    0    0    0    1
   92   70  116  104  105   97    0    0    0    0    0    0    0    0    0    0    1
   93  116   70   68  111  126  117    0    0    0    0    0    0    0    0    0    1
   94  126  125  127  343  344  117    0    0    0    0    0    0    0    0    0    1
   95  125  129  346  143  347  127    0    0    0    0    0    0    0    0    0    1
   96  135  347  143  144  350  136    0    0    0    0    0    0    0    0    0    1
   97   53  134  109  122  350  144    0    0    0    0    0    0    0    0    0    1
   98  122  109  110  157  159  352  351    0    0    0    0    0    0    0    0    1
   99  166  301  159  157  158    0    0    0    0    0    0    0    0    0    0    1
  100  167  298  301  166    0    0    0    0    0    0    0    0    0    0    0    1
  101  177  354  138  137  178  176    0    0    0    0    0    0    0    0    0    1
  102   99  184  183  176  178    0    0    0    0    0    0    0    0    0    0    1
  103  196  357  183  184    0    0    0    0    0    0    0    0    0    0    0    1
  104  175  198  197  195  179  174    0    0    0    0    0    0    0    0    0    1
  105  208  360  205  175  174  172    0    0    0    0    0    0    0    0    0    1
  106  213  205  360  362  363  214    0    0    0    0    0    0    0    0    0    1
  107  224  225  229  228  363  362    0    0    0    0    0    0    0    0    0    1
  108  364  365  243  366  229  225  235  234    0    0    0    0    0    0    0    1
  109  243  365  248  244    0    0    0    0    0    0    0    0    0    0    0    1
  110  248  365  364  367  257  368  247    0    0    0    0    0    0    0    0    1
  111  257  258  263  369  371  368    0    0    0    0    0    0    0    0    0    1
  112  369  263  262   85   86  374  370    0    0    0    0    0    0    0    0    1
  113  273  274  373  374   86    0    0    0    0    0    0    0    0    0    0    1
  114  273  238  239  242  241  246  283  274    0    0    0    0    0    0    0    1
  115  193  246  241  187  186    0    0    0    0    0    0    0    0    0    0    1
  116  187  241  242  222  221    0    0    0    0    0    0    0    0    0    0    1
  117  187  221  300  276  278  277  302  186    0    0    0    0    0    0    0    1
  118   94  304  280  277  278   93    0    0    0    0    0    0    0    0    0    1
  119   94   93  290  308  317  288    0    0    0    0    0    0    0    0    0    1
  120  315  314  317  308    0    0    0    0    0    0    0    0    0    0    0    1
  121    2    3    1    0    0    0    0    0    0    0    0    0    0    0    0    1
  122   13  318    6   19   18   12    0    0    0    0    0    0    0    0    0    1
  123   18   22   24   25   12    0    0    0    0    0    0    0    0    0    0    1
  124   25   24  327    5   45  380  330   26    0    0    0    0    0    0    0    1
  125  330  380  332   55   43   27    0    0    0    0    0    0    0    0    0    1
  126   44   60  332  380   45    0    0    0    0    0    0    0    0    0    0    1
  127   55  332   60   61  336   54    0    0    0    0    0    0    0    0    0    1
  128  335  334   74   69   51  336   61    0    0    0    0    0    0    0    0    1
  129   75   69   74   73  313   76    0    0    0    0    0    0    0    0    0    1
  130   30  310  309  313   73   83   82    0    0    0    0    0    0    0    0    1
  131   77  309  310   96   97  105   90    0    0    0    0    0    0    0    0    1
  132   71   90  105  104  118  106    0    0    0    0    0    0    0    0    0    1
  133  118  104  116  117  344  119    0    0    0    0    0    0    0    0    0    1
  134  344  343  123  124  119    0    0    0    0    0    0    0    0    0    0    1
  135  343  127  347  135  348  123    0    0    0    0    0    0    0    0    0    1
  136  148  349  132  339  348  135  136    0    0    0    0    0    0    0    0    1
  137  350  122  351  147  148  136    0    0    0    0    0    0    0    0    0    1
  138  140  147  351  352  153    0    0    0    0    0    0    0    0    0    0    1
  139  352  159  301  298  164  162  163  153    0    0    0    0    0    0    0    1
  140  162  164  303  165    0    0    0    0    0    0    0    0    0    0    0    1
  141  177  355  303  164  298  167  354    0    0    0    0    0    0    0    0    1
  142  154  160  355  177  176  183  357  192  180    0    0    0    0    0    0    1
  143  192  357  196  195  197  194  190    0    0    0    0    0    0    0    0    1
  144  198  358  194  197    0    0    0    0    0    0    0    0    0    0    0    1
  145  204  358  198  175  205  213  215  199    0    0    0    0    0    0    0    1
  146  212  216  215  213  214    0    0    0    0    0    0    0    0    0    0    1
  147  212  214  363  228  211    0    0    0    0    0    0    0    0    0    0    1
  148  211  228  229  366  230    0    0    0    0    0    0    0    0    0    0    1
  149  244  245  226  206  230  366  243    0    0    0    0    0    0    0    0    1
  150  244  248  247  251  252  245    0    0    0    0    0    0    0    0    0    1
  151  247  368  371  264  254  259  251    0    0    0    0    0    0    0    0    1
  152  264  371  369  370  265    0    0    0    0    0    0    0    0    0    0    1
  153  370  374  373  271  272  265    0    0    0    0    0    0    0    0    0    1
  154  271  373  274  283  284  266    0    0    0    0    0    0    0    0    0    1
  155  283  246  193  201  375  284    0    0    0    0    0    0    0    0    0    1
  156  193  186  302  299  286  295  201    0    0    0    0    0    0    0    0    1
  157  299  302  277  280  279    0    0    0    0    0    0    0    0    0    0    1
  158  260  279  280  304  306  296    0    0    0    0    0    0    0    0    0    1
  159   94  288  289  305  306  304    0    0    0    0    0    0    0    0    0    1
  160  316  377  289  288  317  314    0    0    0    0    0    0    0    0    0    1
  161    1    6  318  319  399    2    0    0    0    0    0    0    0    0    0    1
  162  318   13  379  319    0    0    0    0    0    0    0    0    0    0    0    1
  163   13   12   25   26  387  379    0    0    0    0    0    0    0    0    0    1
  164   28  387   26  330   27    0    0    0    0    0    0    0    0    0    0    1
  165   27   43  381   28    0    0    0    0    0    0    0    0    0    0    0    1
  166  291  381   43   55   54    0    0    0    0    0    0    0    0    0    0    1
  167   52  291   54  336   51    0    0    0    0    0    0    0    0    0    0    1
  168   51   69   75  382   52    0    0    0    0    0    0    0    0    0    0    1
  169   75   76  388  382    0    0    0    0    0    0    0    0    0    0    0    1
  170   78  388   76  313  309   77    0    0    0    0    0    0    0    0    0    1
  171   72   78   77   90   71    0    0    0    0    0    0    0    0    0    0    1
  172   71  106  341  396   72    0    0    0    0    0    0    0    0    0    0    1
  173  124  341  106  118  119    0    0    0    0    0    0    0    0    0    0    1
  174  340  396  341  124  123  348  339    0    0    0    0    0    0    0    0    1
  175  133  340  339  132    0    0    0    0    0    0    0    0    0    0    0    1
  176  132  349  389  133    0    0    0    0    0    0    0    0    0    0    0    1
  177  141  389  349  148  147  140    0    0    0    0    0    0    0    0    0    1
  178  140  153  163  383  141    0    0    0    0    0    0    0    0    0    0    1
  179  163  162  165  393  383    0    0    0    0    0    0    0    0    0    0    1
  180  161  393  165  303  355  160    0    0    0    0    0    0    0    0    0    1
  181  155  161  160  154    0    0    0    0    0    0    0    0    0    0    0    1
  182  154  180  390  155    0    0    0    0    0    0    0    0    0    0    0    1
  183  191  390  180  192  190    0    0    0    0    0    0    0    0    0    0    1
  184  190  194  358  204  384  191    0    0    0    0    0    0    0    0    0    1
  185  200  384  204  199    0    0    0    0    0    0    0    0    0    0    0    1
  186  199  215  216  398  200    0    0    0    0    0    0    0    0    0    0    1
  187  207  398  216  212  211  230  206    0    0    0    0    0    0    0    0    1
  188  206  226  227  207    0    0    0    0    0    0    0    0    0    0    0    1
  189  189  227  226  245  252  188    0    0    0    0    0    0    0    0    0    1
  190  188  252  251  259    0    0    0    0    0    0    0    0    0    0    0    1
  191  188  259  254  255  189    0    0    0    0    0    0    0    0    0    0    1
  192  254  264  265  272  394  255    0    0    0    0    0    0    0    0    0    1
  193  267  394  272  271  266    0    0    0    0    0    0    0    0    0    0    1
  194  266  284  375  385  267    0    0    0    0    0    0    0    0    0    0    1
  195  375  201  295  391  385    0    0    0    0    0    0    0    0    0    0    1
  196  287  391  295  286    0    0    0    0    0    0    0    0    0    0    0    1
  197  261  287  286  299  279  260    0    0    0    0    0    0    0    0    0    1
  198  260  296  297  261    0    0    0    0    0    0    0    0    0    0    0    1
  199  296  306  305  329  297    0    0    0    0    0    0    0    0    0    0    1
  200  377  400  329  305  289    0    0    0    0    0    0    0    0    0    0    1
  201  161  155    0    0    0    0    0    0    0    0    0    0    0    0    0    3
  202  320  378    0    0    0    0    0    0    0    0    0    0    0    0    0    3
  203  270  376    0    0    0    0    0    0    0    0    0    0    0    0    0    3
  ***************KH********************  
 NODAL POINTS FOR STEEL+SHEET ELEMENTS AND MAT. TYPE
    ELEM        N1        N2        MAT   
  ***************KH********************  
 DATA OF CONCRETE SPRINGS
    SP   ELEM1  ELEM2    JA1    JA2     HI     H2
    1    1    2  320   11    0.23090E+02    0.15572E+02
    2    1   41   11  321    0.24844E+02    0.17192E+02
    3    2    3  378   32    0.21830E+02    0.19951E+02
    4    2   41    9   11    0.23937E+02    0.27829E+02
    5    2   42   14    9    0.22781E+02    0.18972E+02
    6    2   43   32   14    0.23558E+02    0.18505E+02
    7    2  202  320  378    0.30514E+02    0.00000E+00
    8    3    4  386   39    0.18624E+02    0.14004E+02
    9    3   43   33   32    0.10437E+02    0.27466E+02
   10    3   44   39   33    0.20046E+02    0.20363E+02
   11    4    5  328   38    0.13954E+02    0.15298E+02
   12    4   44   38   39    0.12228E+02    0.13799E+02
   13    5    6  324   17    0.17955E+02    0.20576E+02
   14    5   44   40   38    0.14976E+02    0.16403E+02
   15    5   45   17   40    0.10563E+02    0.23729E+02
   16    6    7  392   49    0.23486E+02    0.21484E+02
   17    6   45   15   17    0.20469E+02    0.18657E+02
   18    6   46   49   15    0.24870E+02    0.12662E+02
   19    7    8   48   47    0.26850E+02    0.13949E+02
   20    7   46  331   49    0.27639E+02    0.18959E+02
   21    7   47   50   62    0.16307E+02    0.14058E+02
   22    7   48   47   50    0.20517E+02    0.22751E+02
   23    7   87   62  331    0.27928E+02    0.23142E+02
   24    8    9   42   41    0.15829E+02    0.13116E+02
   25    8   48   41   47    0.17506E+02    0.20120E+02
   26    9   10  337   81    0.18128E+02    0.18291E+02
   27    9   48   20   41    0.23637E+02    0.19774E+02
   28    9   49   81   20    0.17893E+02    0.28120E+02
   29   10   11    8    7    0.12597E+02    0.20588E+02
   30   10   49   80   81    0.18079E+02    0.30514E+02
   31   10   50   31   80    0.15513E+02    0.29080E+02
   32   10   51    7   31    0.13214E+02    0.32295E+02
   33   11   12   79   64    0.15021E+02    0.27256E+02
   34   11   51   88    7    0.18157E+02    0.16521E+02
   35   11   52   64   88    0.18508E+02    0.14044E+02
   36   12   13  395  338    0.20473E+02    0.20039E+02
   37   12   52   63   64    0.16494E+02    0.17221E+02
   38   12   53  338   63    0.24420E+02    0.18477E+02
   39   13   14  121  120    0.19195E+02    0.79118E+01
   40   13   53  342  338    0.19358E+02    0.24361E+02
   41   13   54  120  342    0.26076E+02    0.18033E+02
   42   14   15  101  100    0.10750E+02    0.21523E+02
   43   14   54  100  120    0.16240E+02    0.23636E+02
   44   15   16   92   91    0.27834E+02    0.15726E+02
   45   15   54  128  100    0.20321E+02    0.29178E+02
   46   15   55   91  128    0.12364E+02    0.20742E+02
   47   16   17   84   37    0.11492E+02    0.15445E+02
   48   16   55  142   91    0.12404E+02    0.27376E+02
   49   16   56   37  142    0.15359E+02    0.30208E+02
   50   17   18  131  130    0.22575E+02    0.19837E+02
   51   17   56   36   37    0.26176E+02    0.24615E+02
   52   17   57  130   36    0.14524E+02    0.17182E+02
   53   18   19  146  145    0.22254E+02    0.23922E+02
   54   18   57  115  130    0.15589E+02    0.20564E+02
   55   18   58  114  115    0.23240E+02    0.15406E+02
   56   18   59  145  114    0.17188E+02    0.24215E+02
   57   19   20   59   58    0.18142E+02    0.18905E+02
   58   19   59  285  145    0.14453E+02    0.17791E+02
   59   19   60   58  285    0.28739E+02    0.26383E+02
   60   20   21  353  173    0.13082E+02    0.17501E+02
   61   20   60  169   58    0.17805E+02    0.26757E+02
   62   20   61  173  169    0.12749E+02    0.28533E+02
   63   21   22  152  151    0.16247E+02    0.15851E+02
   64   21   61  139  173    0.20262E+02    0.16315E+02
   65   21   62  151  139    0.19742E+02    0.20425E+02
   66   22   23  185  107    0.13440E+02    0.15473E+02
   67   22   62   98  151    0.12121E+02    0.26527E+02
   68   22   63  107   98    0.25193E+02    0.28066E+02
   69   23   24  345  202    0.12344E+02    0.25821E+02
   70   23   63  108  107    0.15712E+02    0.29372E+02
   71   23   64  202  108    0.16551E+02    0.31015E+02
   72   24   25  356  171    0.20491E+02    0.19454E+02
   73   24   64  170  202    0.17175E+02    0.20225E+02
   74   24   65  171  170    0.19187E+02    0.25662E+02
   75   25   26  397  359    0.19485E+02    0.12882E+02
   76   25   65  359  171    0.14429E+02    0.13071E+02
   77   26   27  220  219    0.16084E+02    0.15489E+02
   78   26   65  218  359    0.17566E+02    0.22083E+02
   79   26   66  217  218    0.13958E+02    0.22966E+02
   80   26   67  219  217    0.16292E+02    0.25851E+02
   81   27   28  203  181    0.19528E+02    0.32312E+02
   82   27   67  181  219    0.14021E+02    0.23847E+02
   83   28   29  168  150    0.20875E+02    0.19942E+02
   84   28   30  150  149    0.39827E+02    0.21858E+02
   85   28   67  182  181    0.29455E+02    0.21056E+02
   86   28   68  223  182    0.15625E+02    0.17761E+02
   87   28   69  149  223    0.16112E+02    0.16580E+02
   88   29   30  236  150    0.12915E+02    0.16621E+02
   89   29   31  237  236    0.18617E+02    0.33642E+02
   90   30   31  236  209    0.22409E+02    0.13404E+02
   91   30   69  156  149    0.25482E+02    0.17765E+02
   92   30   70  253  156    0.83371E+01    0.14319E+02
   93   30   71  209  253    0.34856E+02    0.16860E+02
   94   31   32  361  210    0.28670E+02    0.23002E+02
   95   31   71  210  209    0.19792E+02    0.20426E+02
   96   32   33  103  102    0.14012E+02    0.14185E+02
   97   32   71  268  210    0.16378E+02    0.23953E+02
   98   32   72   87  268    0.13725E+02    0.19104E+02
   99   32   73  102   87    0.25819E+02    0.20504E+02
  100   33   34  372  269    0.15856E+02    0.14033E+02
  101   33   73  269  102    0.17891E+02    0.20166E+02
  102   34   35  250  249    0.17133E+02    0.21957E+02
  103   34   73  256  269    0.20877E+02    0.25622E+02
  104   34   74  249  256    0.12234E+02    0.21494E+02
  105   35   36  232  231    0.21549E+02    0.26576E+02
  106   35   74  233  249    0.23037E+02    0.16430E+02
  107   35   76  231  233    0.18047E+02    0.26942E+02
  108   36   37  282  281    0.25877E+02    0.14587E+02
  109   36   76  292  231    0.20812E+02    0.16921E+02
  110   36   77  281  292    0.23348E+02    0.17076E+02
  111   37   38  294  293    0.12258E+02    0.14313E+02
  112   37   77  275  281    0.15813E+02    0.17818E+02
  113   37   78  293  275    0.23929E+02    0.22356E+02
  114   38   39  270  112    0.17375E+02    0.24950E+02
  115   38   78  112  293    0.16443E+02    0.25046E+02
  116   39   40  376  311    0.17068E+02    0.15408E+02
  117   39   78  113  112    0.20542E+02    0.28810E+02
  118   39   79  307  113    0.19783E+02    0.19263E+02
  119   39   80  311  307    0.25746E+02    0.29202E+02
  120   39  203  270  376    0.26400E+02    0.00000E+00
  121   40   80  312  311    0.18960E+02    0.30243E+02
  122   41   42    9   10    0.17525E+02    0.15311E+02
  123   41   81   10  322    0.26236E+02    0.20747E+02
  124   42   43   14  325    0.23979E+02    0.21688E+02
  125   42   81  323   10    0.27598E+02    0.22138E+02
  126   42   82  325  323    0.93342E+01    0.19742E+02
  127   43   44   33   35    0.23043E+02    0.14252E+02
  128   43   82  326  325    0.19315E+02    0.30041E+02
  129   43   84   35  326    0.23626E+02    0.20911E+02
  130   44   45   40   34    0.16212E+02    0.18389E+02
  131   44   84   34   35    0.26548E+02    0.18848E+02
  132   45   46   15   16    0.17383E+02    0.21360E+02
  133   45   84    4   34    0.23970E+02    0.23186E+02
  134   45   85   16    4    0.14940E+02    0.29071E+02
  135   46   85   46   16    0.17188E+02    0.18459E+02
  136   46   87  331   46    0.18949E+02    0.10731E+02
  137   47   48   50   65    0.13044E+02    0.16608E+02
  138   47   87   66   62    0.15525E+02    0.15601E+02
  139   47   88   65   66    0.14715E+02    0.20565E+02
  140   48   49   20   21    0.15439E+02    0.23746E+02
  141   48   88  333   65    0.25631E+02    0.22076E+02
  142   48   89   21  333    0.27732E+02    0.23835E+02
  143   49   50   80   82    0.15114E+02    0.10754E+02
  144   49   89   83   21    0.23666E+02    0.20561E+02
  145   49  130   82   83    0.34377E+02    0.20869E+02
  146   50   51   31   29    0.22152E+02    0.12982E+02
  147   50   90   29   30    0.16136E+02    0.18851E+02
  148   50  130   30   82    0.27832E+02    0.18214E+02
  149   51   52   88   95    0.23625E+02    0.11903E+02
  150   51   90   89   29    0.13352E+02    0.22845E+02
  151   51   91   95   89    0.24617E+02    0.18418E+02
  152   52   53   63   67    0.16703E+02    0.15075E+02
  153   52   91   67   95    0.22117E+02    0.15210E+02
  154   53   54  342  111    0.29090E+02    0.22784E+02
  155   53   91   68   67    0.33920E+02    0.15709E+02
  156   53   93  111   68    0.19265E+02    0.16665E+02
  157   54   55  128  129    0.26866E+02    0.23163E+02
  158   54   93  126  111    0.30360E+02    0.28348E+02
  159   54   94  125  126    0.29047E+02    0.24395E+02
  160   54   95  129  125    0.22282E+02    0.25067E+02
  161   55   56  142  346    0.20830E+02    0.16650E+02
  162   55   95  346  129    0.23728E+02    0.14858E+02
  163   56   57   36   53    0.24278E+02    0.20713E+02
  164   56   95  143  346    0.29222E+02    0.20391E+02
  165   56   96  144  143    0.28570E+02    0.18917E+02
  166   56   97   53  144    0.26282E+02    0.19006E+02
  167   57   58  115  134    0.16247E+02    0.12023E+02
  168   57   97  134   53    0.15199E+02    0.22781E+02
  169   58   59  114  110    0.12776E+02    0.17594E+02
  170   58   97  109  134    0.15656E+02    0.20106E+02
  171   58   98  110  109    0.16836E+02    0.16296E+02
  172   59   60  285  158    0.25322E+02    0.25216E+02
  173   59   98  157  110    0.16430E+02    0.33550E+02
  174   59   99  158  157    0.12161E+02    0.22627E+02
  175   60   61  169  138    0.19810E+02    0.11399E+02
  176   60   99  166  158    0.19339E+02    0.20468E+02
  177   60  100  167  166    0.13198E+02    0.19577E+02
  178   60  101  138  354    0.36750E+02    0.17756E+02
  179   60  141  354  167    0.39363E+02    0.23211E+02
  180   61   62  139  137    0.19299E+02    0.16079E+02
  181   61  101  137  138    0.25458E+02    0.21825E+02
  182   62   63   98   99    0.18787E+02    0.21117E+02
  183   62  101  178  137    0.22668E+02    0.23332E+02
  184   62  102   99  178    0.22101E+02    0.21124E+02
  185   63   64  108  179    0.24155E+02    0.17253E+02
  186   63  102  184   99    0.25585E+02    0.20880E+02
  187   63  103  196  184    0.21679E+02    0.27442E+02
  188   63  104  179  195    0.28764E+02    0.22458E+02
  189   63  143  195  196    0.25327E+02    0.37586E+02
  190   64   65  170  172    0.21889E+02    0.22419E+02
  191   64  104  174  179    0.26478E+02    0.18881E+02
  192   64  105  172  174    0.26844E+02    0.22934E+02
  193   65   66  218  208    0.20286E+02    0.17191E+02
  194   65  105  208  172    0.18518E+02    0.22037E+02
  195   66   67  217  224    0.19203E+02    0.20692E+02
  196   66  105  360  208    0.14357E+02    0.28991E+02
  197   66  106  362  360    0.17218E+02    0.28508E+02
  198   66  107  224  362    0.17351E+02    0.18278E+02
  199   67   68  182  235    0.16577E+02    0.16871E+02
  200   67  107  225  224    0.23808E+02    0.17679E+02
  201   67  108  235  225    0.24280E+02    0.31638E+02
  202   68   69  223  234    0.17003E+02    0.21393E+02
  203   68  108  234  235    0.17851E+02    0.13228E+02
  204   69   70  156  367    0.16268E+02    0.25369E+02
  205   69  108  364  234    0.25683E+02    0.13891E+02
  206   69  110  367  364    0.15025E+02    0.27219E+02
  207   70   71  253  258    0.28792E+02    0.14927E+02
  208   70  110  257  367    0.14039E+02    0.30794E+02
  209   70  111  258  257    0.13211E+02    0.28587E+02
  210   71   72  268  262    0.19310E+02    0.12704E+02
  211   71  111  263  258    0.23644E+02    0.27976E+02
  212   71  112  262  263    0.25429E+02    0.21378E+02
  213   72   73   87   85    0.12315E+02    0.16011E+02
  214   72  112   85  262    0.19349E+02    0.17188E+02
  215   73   74  256  238    0.20624E+02    0.26309E+02
  216   73  112   86   85    0.34445E+02    0.17298E+02
  217   73  113  273   86    0.24934E+02    0.22270E+02
  218   73  114  238  273    0.21002E+02    0.37645E+02
  219   74   75  240  239    0.22137E+02    0.13706E+02
  220   74   76  233  240    0.22948E+02    0.30447E+02
  221   74  114  239  238    0.18099E+02    0.23595E+02
  222   75   76  240  222    0.13338E+02    0.12142E+02
  223   75  114  242  239    0.16228E+02    0.18807E+02
  224   75  116  222  242    0.11410E+02    0.79777E+01
  225   76   77  292  300    0.19875E+02    0.23406E+02
  226   76  116  221  222    0.15899E+02    0.15487E+02
  227   76  117  300  221    0.23689E+02    0.27342E+02
  228   77   78  275  276    0.22919E+02    0.24437E+02
  229   77  117  276  300    0.14179E+02    0.25380E+02
  230   78   79  113  290    0.24912E+02    0.20611E+02
  231   78  117  278  276    0.28620E+02    0.35675E+02
  232   78  118   93  278    0.22288E+02    0.30146E+02
  233   78  119  290   93    0.24540E+02    0.22189E+02
  234   79   80  307  315    0.16396E+02    0.13360E+02
  235   79  119  308  290    0.14888E+02    0.19654E+02
  236   79  120  315  308    0.21309E+02    0.12143E+02
  237   80  120  314  315    0.18452E+02    0.11105E+02
  238   80  160  316  314    0.32756E+02    0.23450E+02
  239   81   82  323   19    0.22679E+02    0.25648E+02
  240   81  121    1    3    0.23402E+02    0.15506E+02
  241   81  122   19    6    0.25915E+02    0.14184E+02
  242   81  161    6    1    0.27322E+02    0.26569E+02
  243   82   83   23   22    0.10136E+02    0.16128E+02
  244   82   84  326   23    0.30230E+02    0.26444E+02
  245   82  122   18   19    0.21707E+02    0.19657E+02
  246   82  123   22   18    0.12855E+02    0.22874E+02
  247   83   84   23  327    0.15460E+02    0.23178E+02
  248   83  123   24   22    0.15349E+02    0.86933E+01
  249   83  124  327   24    0.16140E+02    0.23748E+02
  250   84   85    4    5    0.28678E+02    0.21179E+02
  251   84  124    5  327    0.25029E+02    0.20397E+02
  252   85   86   56   44    0.19780E+02    0.32209E+02
  253   85   87   46   56    0.21580E+02    0.23487E+02
  254   85  124   45    5    0.27861E+02    0.30213E+02
  255   85  126   44   45    0.14782E+02    0.19909E+02
  256   86   87   56   57    0.14923E+02    0.17053E+02
  257   86   88   57  335    0.19431E+02    0.16113E+02
  258   86  126   60   44    0.22297E+02    0.19061E+02
  259   86  127   61   60    0.18832E+02    0.19202E+02
  260   86  128  335   61    0.28336E+02    0.21501E+02
  261   87   88   66   57    0.18252E+02    0.16736E+02
  262   88   89  333  334    0.17205E+02    0.22156E+02
  263   88  128  334  335    0.23108E+02    0.20641E+02
  264   89  128   74  334    0.25948E+02    0.17806E+02
  265   89  129   73   74    0.20627E+02    0.20916E+02
  266   89  130   83   73    0.29349E+02    0.19089E+02
  267   90   91   89   96    0.14733E+02    0.17884E+02
  268   90  130  310   30    0.17021E+02    0.13954E+02
  269   90  131   96  310    0.17060E+02    0.29030E+02
  270   91   92   70   97    0.18139E+02    0.16008E+02
  271   91   93   68   70    0.15405E+02    0.28876E+02
  272   91  131   97   96    0.26334E+02    0.18273E+02
  273   92   93   70  116    0.13770E+02    0.19675E+02
  274   92  131  105   97    0.19212E+02    0.20448E+02
  275   92  132  104  105    0.99461E+01    0.16510E+02
  276   92  133  116  104    0.18500E+02    0.14911E+02
  277   93   94  126  117    0.21394E+02    0.22138E+02
  278   93  133  117  116    0.24182E+02    0.15360E+02
  279   94   95  125  127    0.20875E+02    0.23089E+02
  280   94  133  344  117    0.21723E+02    0.19418E+02
  281   94  134  343  344    0.21002E+02    0.18918E+02
  282   94  135  127  343    0.29020E+02    0.13731E+02
  283   95   96  143  347    0.17702E+02    0.29097E+02
  284   95  135  347  127    0.14134E+02    0.22427E+02
  285   96   97  144  350    0.24482E+02    0.24564E+02
  286   96  135  135  347    0.19759E+02    0.27165E+02
  287   96  136  136  135    0.30423E+02    0.20321E+02
  288   96  137  350  136    0.20824E+02    0.17711E+02
  289   97   98  109  122    0.23469E+02    0.17868E+02
  290   97  137  122  350    0.16375E+02    0.26031E+02
  291   98   99  157  159    0.16382E+02    0.17394E+02
  292   98  137  351  122    0.20781E+02    0.35296E+02
  293   98  138  352  351    0.17734E+02    0.28939E+02
  294   98  139  159  352    0.28388E+02    0.21338E+02
  295   99  100  166  301    0.10653E+02    0.16599E+02
  296   99  139  301  159    0.32261E+02    0.19656E+02
  297  100  139  298  301    0.19963E+02    0.22133E+02
  298  100  141  167  298    0.17498E+02    0.17662E+02
  299  101  102  178  176    0.17049E+02    0.11794E+02
  300  101  141  177  354    0.24132E+02    0.19993E+02
  301  101  142  176  177    0.29347E+02    0.23311E+02
  302  102  103  184  183    0.95046E+01    0.10076E+02
  303  102  142  183  176    0.28891E+02    0.19542E+02
  304  103  142  357  183    0.22890E+02    0.22458E+02
  305  103  143  196  357    0.11063E+02    0.12134E+02
  306  104  105  174  175    0.19789E+02    0.22743E+02
  307  104  143  197  195    0.19759E+02    0.24030E+02
  308  104  144  198  197    0.19612E+02    0.17015E+02
  309  104  145  175  198    0.24024E+02    0.23564E+02
  310  105  106  360  205    0.20316E+02    0.15349E+02
  311  105  145  205  175    0.26890E+02    0.25159E+02
  312  106  107  362  363    0.16387E+02    0.22509E+02
  313  106  145  213  205    0.24814E+02    0.22461E+02
  314  106  146  214  213    0.18646E+02    0.20768E+02
  315  106  147  363  214    0.19436E+02    0.17447E+02
  316  107  108  225  229    0.21928E+02    0.27300E+02
  317  107  147  228  363    0.23546E+02    0.14916E+02
  318  107  148  229  228    0.17574E+02    0.21901E+02
  319  108  109  365  243    0.21872E+02    0.19396E+02
  320  108  110  364  365    0.34052E+02    0.24843E+02
  321  108  148  366  229    0.19361E+02    0.20873E+02
  322  108  149  243  366    0.28231E+02    0.26373E+02
  323  109  110  365  248    0.17221E+02    0.15969E+02
  324  109  149  244  243    0.16849E+02    0.20925E+02
  325  109  150  248  244    0.19218E+02    0.15638E+02
  326  110  111  257  368    0.18065E+02    0.18272E+02
  327  110  150  247  248    0.26221E+02    0.20785E+02
  328  110  151  368  247    0.38970E+02    0.25222E+02
  329  111  112  263  369    0.13173E+02    0.29643E+02
  330  111  151  371  368    0.26508E+02    0.23336E+02
  331  111  152  369  371    0.18890E+02    0.32926E+02
  332  112  113   86  374    0.20820E+02    0.27060E+02
  333  112  152  370  369    0.20245E+02    0.21055E+02
  334  112  153  374  370    0.22896E+02    0.28221E+02
  335  113  114  273  274    0.14873E+02    0.20805E+02
  336  113  153  373  374    0.11561E+02    0.24663E+02
  337  113  154  274  373    0.31725E+02    0.16009E+02
  338  114  115  241  246    0.18849E+02    0.28984E+02
  339  114  116  242  241    0.18695E+02    0.31822E+02
  340  114  154  283  274    0.23573E+02    0.22545E+02
  341  114  155  246  283    0.21282E+02    0.33628E+02
  342  115  116  241  187    0.12392E+02    0.13069E+02
  343  115  117  187  186    0.29863E+02    0.21890E+02
  344  115  155  193  246    0.21533E+02    0.18850E+02
  345  115  156  186  193    0.16907E+02    0.19296E+02
  346  116  117  221  187    0.23415E+02    0.20118E+02
  347  117  118  278  277    0.21220E+02    0.24676E+02
  348  117  156  302  186    0.25257E+02    0.31966E+02
  349  117  157  277  302    0.28177E+02    0.18020E+02
  350  118  119   93   94    0.29417E+02    0.13858E+02
  351  118  157  280  277    0.26925E+02    0.16472E+02
  352  118  158  304  280    0.23401E+02    0.26648E+02
  353  118  159   94  304    0.21465E+02    0.24960E+02
  354  119  120  308  317    0.17238E+02    0.10991E+02
  355  119  159  288   94    0.18094E+02    0.27232E+02
  356  119  160  317  288    0.17855E+02    0.21962E+02
  357  120  160  314  317    0.12361E+02    0.15913E+02
  358  121  161    1    2    0.11246E+02    0.16261E+02
  359  122  123   18   12    0.13804E+02    0.10655E+02
  360  122  161  318    6    0.19962E+02    0.26621E+02
  361  122  162   13  318    0.13161E+02    0.22991E+02
  362  122  163   12   13    0.24811E+02    0.20227E+02
  363  123  124   24   25    0.22912E+02    0.24612E+02
  364  123  163   25   12    0.15217E+02    0.22666E+02
  365  124  125  380  330    0.18428E+02    0.26813E+02
  366  124  126   45  380    0.26567E+02    0.24555E+02
  367  124  163   26   25    0.29214E+02    0.25778E+02
  368  124  164  330   26    0.27358E+02    0.17946E+02
  369  125  126  380  332    0.14918E+02    0.12619E+02
  370  125  127  332   55    0.25984E+02    0.25687E+02
  371  125  164   27  330    0.22684E+02    0.19789E+02
  372  125  165   43   27    0.10542E+02    0.18077E+02
  373  125  166   55   43    0.22271E+02    0.22280E+02
  374  126  127   60  332    0.29689E+02    0.19698E+02
  375  127  128   61  336    0.29239E+02    0.14366E+02
  376  127  166   54   55    0.18056E+02    0.12978E+02
  377  127  167  336   54    0.26588E+02    0.12735E+02
  378  128  129   74   69    0.25433E+02    0.20185E+02
  379  128  167   51  336    0.26828E+02    0.15597E+02
  380  128  168   69   51    0.22026E+02    0.15919E+02
  381  129  130   73  313    0.23434E+02    0.17831E+02
  382  129  168   75   69    0.20546E+02    0.20389E+02
  383  129  169   76   75    0.15105E+02    0.18293E+02
  384  129  170  313   76    0.25451E+02    0.20970E+02
  385  130  131  310  309    0.32422E+02    0.19755E+02
  386  130  170  309  313    0.27556E+02    0.24072E+02
  387  131  132  105   90    0.20262E+02    0.12639E+02
  388  131  170   77  309    0.18396E+02    0.34311E+02
  389  131  171   90   77    0.24661E+02    0.17160E+02
  390  132  133  104  118    0.26550E+02    0.11582E+02
  391  132  171   71   90    0.21395E+02    0.18887E+02
  392  132  172  106   71    0.12047E+02    0.20576E+02
  393  132  173  118  106    0.95785E+01    0.16232E+02
  394  133  134  344  119    0.15432E+02    0.16377E+02
  395  133  173  119  118    0.22914E+02    0.98210E+01
  396  134  135  343  123    0.27004E+02    0.21285E+02
  397  134  173  124  119    0.27803E+02    0.13238E+02
  398  134  174  123  124    0.94300E+01    0.15703E+02
  399  135  136  135  348    0.19514E+02    0.17074E+02
  400  135  174  348  123    0.21947E+02    0.33980E+02
  401  136  137  136  148    0.33598E+02    0.28204E+02
  402  136  174  339  348    0.31184E+02    0.30605E+02
  403  136  175  132  339    0.22609E+02    0.13643E+02
  404  136  176  349  132    0.15138E+02    0.13322E+02
  405  136  177  148  349    0.22653E+02    0.20976E+02
  406  137  138  351  147    0.13611E+02    0.18280E+02
  407  137  177  147  148    0.27507E+02    0.20235E+02
  408  138  139  352  153    0.25619E+02    0.19408E+02
  409  138  177  140  147    0.33206E+02    0.20317E+02
  410  138  178  153  140    0.16530E+02    0.20884E+02
  411  139  140  164  162    0.19104E+02    0.73992E+01
  412  139  141  298  164    0.30581E+02    0.20526E+02
  413  139  178  163  153    0.24431E+02    0.26640E+02
  414  139  179  162  163    0.30229E+02    0.13488E+02
  415  140  141  164  303    0.17034E+02    0.20394E+02
  416  140  179  165  162    0.17246E+02    0.11786E+02
  417  140  180  303  165    0.82804E+01    0.24101E+02
  418  141  142  177  355    0.27569E+02    0.27795E+02
  419  141  180  355  303    0.19462E+02    0.20698E+02
  420  142  143  357  192    0.28275E+02    0.24291E+02
  421  142  180  160  355    0.33464E+02    0.24132E+02
  422  142  181  154  160    0.20980E+02    0.17712E+02
  423  142  182  180  154    0.13667E+02    0.18079E+02
  424  142  183  192  180    0.27267E+02    0.16007E+02
  425  143  144  197  194    0.14418E+02    0.14806E+02
  426  143  183  190  192    0.27264E+02    0.17872E+02
  427  143  184  194  190    0.22210E+02    0.23539E+02
  428  144  145  198  358    0.15316E+02    0.22485E+02
  429  144  184  358  194    0.16646E+02    0.16653E+02
  430  145  146  213  215    0.20845E+02    0.21983E+02
  431  145  184  204  358    0.29895E+02    0.22626E+02
  432  145  185  199  204    0.18603E+02    0.21838E+02
  433  145  186  215  199    0.25193E+02    0.26323E+02
  434  146  147  214  212    0.15547E+02    0.12506E+02
  435  146  186  216  215    0.15152E+02    0.15153E+02
  436  146  187  212  216    0.25024E+02    0.18275E+02
  437  147  148  228  211    0.13586E+02    0.17837E+02
  438  147  187  211  212    0.20448E+02    0.18014E+02
  439  148  149  366  230    0.21626E+02    0.17149E+02
  440  148  187  230  211    0.21784E+02    0.23863E+02
  441  149  150  244  245    0.26360E+02    0.19883E+02
  442  149  187  206  230    0.21152E+02    0.32332E+02
  443  149  188  226  206    0.19176E+02    0.21825E+02
  444  149  189  245  226    0.25787E+02    0.19546E+02
  445  150  151  247  251    0.27782E+02    0.18211E+02
  446  150  189  252  245    0.33140E+02    0.13347E+02
  447  150  190  251  252    0.12457E+02    0.15853E+02
  448  151  152  371  264    0.16315E+02    0.11830E+02
  449  151  190  259  251    0.15186E+02    0.19671E+02
  450  151  191  254  259    0.27858E+02    0.17777E+02
  451  151  192  264  254    0.39234E+02    0.12053E+02
  452  152  153  370  265    0.22007E+02    0.17037E+02
  453  152  192  265  264    0.28939E+02    0.17346E+02
  454  153  154  373  271    0.27187E+02    0.12094E+02
  455  153  192  272  265    0.25767E+02    0.20655E+02
  456  153  193  271  272    0.24991E+02    0.16257E+02
  457  154  155  283  284    0.19729E+02    0.12829E+02
  458  154  193  266  271    0.28664E+02    0.16761E+02
  459  154  194  284  266    0.23768E+02    0.11976E+02
  460  155  156  193  201    0.17050E+02    0.26223E+02
  461  155  194  375  284    0.27432E+02    0.16064E+02
  462  155  195  201  375    0.23177E+02    0.13978E+02
  463  156  157  302  299    0.15743E+02    0.17416E+02
  464  156  195  295  201    0.20033E+02    0.21243E+02
  465  156  196  286  295    0.18592E+02    0.19538E+02
  466  156  197  299  286    0.14911E+02    0.28704E+02
  467  157  158  280  279    0.18248E+02    0.17689E+02
  468  157  197  279  299    0.20195E+02    0.15020E+02
  469  158  159  304  306    0.16248E+02    0.23301E+02
  470  158  197  260  279    0.21986E+02    0.20529E+02
  471  158  198  296  260    0.14154E+02    0.13638E+02
  472  158  199  306  296    0.26872E+02    0.15564E+02
  473  159  160  288  289    0.19353E+02    0.26003E+02
  474  159  199  305  306    0.27551E+02    0.12649E+02
  475  159  200  289  305    0.24762E+02    0.26832E+02
  476  160  200  377  289    0.27506E+02    0.23342E+02
  477  161  162  318  319    0.20594E+02    0.13551E+02
  478  162  163   13  379    0.14339E+02    0.18914E+02
  479  163  164   26  387    0.20626E+02    0.18682E+02
  480  164  165   27   28    0.16285E+02    0.17982E+02
  481  165  166   43  381    0.18121E+02    0.19341E+02
  482  166  167   54  291    0.25345E+02    0.20268E+02
  483  167  168   51   52    0.14260E+02    0.14766E+02
  484  168  169   75  382    0.79857E+01    0.22131E+02
  485  169  170   76  388    0.21720E+02    0.20474E+02
  486  170  171   77   78    0.17869E+02    0.12222E+02
  487  171  172   71   72    0.16780E+02    0.24426E+02
  488  172  173  106  341    0.96732E+01    0.83084E+01
  489  172  174  341  396    0.36150E+02    0.29477E+02
  490  173  174  124  341    0.18201E+02    0.28433E+02
  491  174  175  339  340    0.22053E+02    0.10387E+02
  492  175  176  132  133    0.96754E+01    0.13030E+02
  493  176  177  349  389    0.16106E+02    0.25568E+02
  494  177  178  140  141    0.22119E+02    0.30079E+02
  495  178  179  163  383    0.23434E+02    0.20126E+02
  496  179  180  165  393    0.18012E+02    0.19090E+02
  497  180  181  160  161    0.12947E+02    0.13646E+02
  498  181  182  154  155    0.13576E+02    0.15146E+02
  499  181  201  155  161    0.18081E+02    0.00000E+00
  500  182  183  180  390    0.15089E+02    0.13194E+02
  501  183  184  190  191    0.14044E+02    0.21740E+02
  502  184  185  204  384    0.20603E+02    0.18561E+02
  503  185  186  199  200    0.18216E+02    0.19105E+02
  504  186  187  216  398    0.23631E+02    0.21684E+02
  505  187  188  206  207    0.13107E+02    0.16927E+02
  506  188  189  226  227    0.19119E+02    0.29958E+02
  507  189  190  252  188    0.13421E+02    0.24154E+02
  508  189  191  188  189    0.30032E+02    0.28240E+02
  509  190  191  259  188    0.16036E+02    0.14447E+02
  510  191  192  254  255    0.29251E+02    0.22849E+02
  511  192  193  272  394    0.16815E+02    0.18068E+02
  512  193  194  266  267    0.13228E+02    0.28507E+02
  513  194  195  375  385    0.20653E+02    0.18106E+02
  514  195  196  295  391    0.15727E+02    0.12586E+02
  515  196  197  286  287    0.11342E+02    0.16055E+02
  516  197  198  260  261    0.16554E+02    0.21098E+02
  517  198  199  296  297    0.23909E+02    0.13486E+02
  518  199  200  305  329    0.16368E+02    0.22386E+02
  ***************KH********************  
 DATA OF BOND SPRINGS
   SP    ELEM1    ELEM2    NLIN  
