  -6050.20154993575     
  -12084.7036392026     
  -15923.6004912653     
  -17868.4731594750     
  -15205.8058113839     
  -12274.1047162932     
  -4903.86595568137     
  -4518.75103716156     
  -3871.38892862999     
  -3931.69906402394     
  -3801.07155083008     
  -3204.59639025485     
  -2928.21372871436     
  -2715.94614020355     
  -2547.52113791840     
  -2412.58668779991     
  -2298.47938931859     
  -2212.30849920161     
  -2107.65969576998     
  -2023.79425464659     
  -1978.53601070130     
  -1915.30658671176     
  -1861.78182481024     
  -1814.70139248347     
  -1772.97588223729     
  -1736.91280562039     
  -1702.06655949986     
  -1672.82574198129     
  -1645.23392802078     
  -1623.12465639230     
  -1604.35560321501     
  -1589.58666578596     
  -1576.76477550063     
  -1560.59921490260     
  -1539.78202435151     
  -1517.97908077634     
  -1497.94408204456     
  -1470.36074980091     
  -1437.81945955089     
  -1412.08859344544     
  -1388.22114081043     
  -1366.10644482814     
  -1346.95443227191     
  -1332.71461590081     
  -1320.57540519854     
  -1309.59907732839     
  -1299.53976112586     
  -1282.36310097777     
  -1376.79735306331     
  -954.190385883988     
  -655.254148825726     
  -511.438798713633     
  -436.324714152415     
  -327.790840585598     
  -307.657241895255     
  -304.075368481861     
  -302.084729258442     
  -300.398963375262     
  -298.955025047365     
  -295.898894798866     
  -280.330728148322     
  -286.598470350419     
  -283.720653405326     
  -281.437616855429     
  -279.495870784755     
  -277.878155885729     
  -276.568790844611     
  -274.691323366578     
  -272.368294535414     
  -270.106117091529     
  -268.081846874492     
  -266.295607165071     
  -264.728757911084     
  -263.366801294170     
  -262.203351370524     
  -261.228348429445     
  -260.446255234751     
  -259.839442636560     
  -259.404384804896     
  -259.134030079807     
  -259.020956959035     
  -259.057669971863     
  -417.759863239891     
  -76.5874623366080     
  -67.4851562470091     
  -67.1918712989986     
  -66.8257274168671     
  -66.6534117228437     
  -66.5205828589371     
  -66.3802523602736     
  -66.3102412119024     
  -66.1360269940458     
  -66.1106434838334     
  -66.0405706950779     
  -66.0399296350823     
  -65.9891194663885     
  -65.2122102280050     
  -64.3281515097714     
  -63.5746039769986     
