 -0.100000001490116     
 -0.200000002980232     
 -0.300000004470348     
 -0.400000005960464     
 -0.500000007450581     
 -0.600000008940697     
 -0.700000010430813     
 -0.800000011920929     
 -0.900000013411045     
  -1.00000001490116     
  -1.10000001639128     
  -1.20000001788139     
  -1.30000001937151     
  -1.40000002086163     
  -1.50000002235174     
  -1.60000002384186     
  -1.70000002533197     
  -1.80000002682209     
  -1.90000002831221     
  -2.00000002980232     
  -2.10000003129244     
  -2.20000003278255     
  -2.30000003427267     
  -2.40000003576279     
  -2.50000003725290     
  -2.60000003874302     
  -2.70000004023314     
  -2.80000004172325     
  -2.90000004321337     
  -3.00000004470348     
  -3.10000004619360     
  -3.20000004768372     
  -3.30000004917383     
  -3.40000005066395     
  -3.50000005215406     
  -3.60000005364418     
  -3.70000005513430     
  -3.80000005662441     
  -3.90000005811453     
  -4.00000005960464     
  -4.10000006109476     
  -4.20000006258488     
  -4.30000006407499     
  -4.40000006556511     
  -4.50000006705523     
  -4.60000006854534     
  -4.70000007003546     
  -4.80000007152557     
  -4.90000007301569     
  -5.00000007450581     
  -5.10000007599592     
  -5.20000007748604     
  -5.30000007897615     
  -5.40000008046627     
  -5.50000008195639     
  -5.60000008344650     
  -5.70000008493662     
  -5.80000008642673     
  -5.90000008791685     
  -6.00000008940697     
  -6.10000009089708     
  -6.20000009238720     
  -6.30000009387732     
  -6.40000009536743     
  -6.50000009685755     
  -6.60000009834766     
  -6.70000009983778     
  -6.80000010132790     
  -6.90000010281801     
  -7.00000010430813     
  -7.10000010579824     
  -7.20000010728836     
  -7.30000010877848     
  -7.40000011026859     
  -7.50000011175871     
  -7.60000011324883     
  -7.70000011473894     
  -7.80000011622906     
  -7.90000011771917     
  -8.00000011920929     
  -8.10000012069941     
  -8.20000012218952     
  -8.30000012367964     
  -8.40000012516975     
  -8.50000012665987     
  -8.60000012814999     
  -8.70000012964010     
  -8.80000013113022     
  -8.90000013262033     
  -9.00000013411045     
  -9.10000013560057     
  -9.20000013709068     
  -9.30000013858080     
  -9.40000014007092     
  -9.50000014156103     
  -9.60000014305115     
  -9.70000014454126     
  -9.80000014603138     
  -9.90000014752150     
